%  number of nodes
39
%  number of vehicles
3
%  for each vehicle: vehicle index, home node, starting time, capacity
1,8,125,13200
2,13,106,13200
3,31,0,16500
% number of calls
7
%  for each vehicle, vehicle index, and then a list of calls that can be transported using that vehicle
1,1,3,7
2,1,3,7
3,1,2,3,4,5,6,7
% for each call: call index, origin node, destination node, size, cost of not transporting, lowerbound timewindow for pickup, upper_timewindow for pickup, lowerbound timewindow for delivery, upper_timewindow for delivery
1,17,37,4601,790000,345,417,345,1006
2,33,36,13444,430790,96,168,96,529
3,17,27,6596,200354,715,787,715,1089
4,6,1,11052,275455,0,72,0,435
5,38,33,6643,642740,107,179,107,593
6,10,38,14139,587198,300,372,300,801
7,26,6,5310,359885,178,250,178,567
%  travel times and costs: vehicle, origin node, destination node, travel time (in hours), travel cost (in Euro)
1,1,1,0,0
2,1,1,0,0
3,1,1,0,0
1,1,2,71,48031
2,1,2,71,48031
3,1,2,66,38871
1,1,3,19,12930
2,1,3,19,12930
3,1,3,18,10464
1,1,4,134,90788
2,1,4,134,90788
3,1,4,125,73474
1,1,5,66,45000
2,1,5,66,45000
3,1,5,62,36418
1,1,6,23,15911
2,1,6,23,15911
3,1,6,22,12877
1,1,7,21,14445
2,1,7,21,14445
3,1,7,20,11690
1,1,8,8,5106
2,1,8,8,5106
3,1,8,7,4132
1,1,9,52,35625
2,1,9,52,35625
3,1,9,49,28831
1,1,10,116,78762
2,1,10,116,78762
3,1,10,108,63741
1,1,11,110,74439
2,1,11,110,74439
3,1,11,102,60243
1,1,12,63,42752
2,1,12,63,42752
3,1,12,59,34599
1,1,13,58,39524
2,1,13,58,39524
3,1,13,54,31987
1,1,14,24,16035
2,1,14,24,16035
3,1,14,22,12977
1,1,15,28,18784
2,1,15,28,18784
3,1,15,26,15202
1,1,16,21,14424
2,1,16,21,14424
3,1,16,20,11673
1,1,17,32,22026
2,1,17,32,22026
3,1,17,30,17826
1,1,18,67,45672
2,1,18,67,45672
3,1,18,63,36963
1,1,19,28,18710
2,1,19,28,18710
3,1,19,26,15142
1,1,20,95,64634
2,1,20,95,64634
3,1,20,89,52308
1,1,21,97,65901
2,1,21,97,65901
3,1,21,90,53333
1,1,22,21,14128
2,1,22,21,14128
3,1,22,19,11434
1,1,23,19,12941
2,1,23,19,12941
3,1,23,18,10473
1,1,24,21,14128
2,1,24,21,14128
3,1,24,19,11434
1,1,25,98,66498
2,1,25,98,66498
3,1,25,91,53817
1,1,26,27,18076
2,1,26,27,18076
3,1,26,25,14629
1,1,27,37,25258
2,1,27,37,25258
3,1,27,35,20441
1,1,28,44,30017
2,1,28,44,30017
3,1,28,41,24293
1,1,29,145,98181
2,1,29,145,98181
3,1,29,135,79458
1,1,30,70,47366
2,1,30,70,47366
3,1,30,65,38333
1,1,31,79,53730
2,1,31,79,53730
3,1,31,74,43483
1,1,32,8,5119
2,1,32,8,5119
3,1,32,7,4142
1,1,33,113,76839
2,1,33,113,76839
3,1,33,105,62186
1,1,34,180,122314
2,1,34,180,122314
3,1,34,168,98988
1,1,35,219,148464
2,1,35,219,148464
3,1,35,204,120151
1,1,36,177,120325
2,1,36,177,120325
3,1,36,165,97379
1,1,37,237,160526
2,1,37,237,160526
3,1,37,220,129913
1,1,38,231,156604
2,1,38,231,156604
3,1,38,215,126739
1,1,39,179,121279
2,1,39,179,121279
3,1,39,166,98151
1,2,1,71,48031
2,2,1,71,48031
3,2,1,66,38871
1,2,2,0,0
2,2,2,0,0
3,2,2,0,0
1,2,3,55,37544
2,2,3,55,37544
3,2,3,51,30385
1,2,4,81,55207
2,2,4,81,55207
3,2,4,76,44679
1,2,5,51,34473
2,2,5,51,34473
3,2,5,47,27899
1,2,6,54,36752
2,2,6,54,36752
3,2,6,50,29744
1,2,7,51,34311
2,2,7,51,34311
3,2,7,47,27768
1,2,8,74,50058
2,2,8,74,50058
3,2,8,69,40512
1,2,9,119,80577
2,2,9,119,80577
3,2,9,111,65211
1,2,10,64,43181
2,2,10,64,43181
3,2,10,59,34946
1,2,11,57,38858
2,2,11,57,38858
3,2,11,53,31448
1,2,12,14,9328
2,2,12,14,9328
3,2,12,13,7549
1,2,13,18,12169
2,2,13,18,12169
3,2,13,17,9848
1,2,14,48,32497
2,2,14,48,32497
3,2,14,45,26299
1,2,15,66,44472
2,2,15,66,44472
3,2,15,61,35991
1,2,16,52,35265
2,2,16,52,35265
3,2,16,48,28540
1,2,17,99,66978
2,2,17,99,66978
3,2,17,92,54206
1,2,18,122,82897
2,2,18,122,82897
3,2,18,114,67088
1,2,19,83,56587
2,2,19,83,56587
3,2,19,78,45796
1,2,20,43,29053
2,2,20,43,29053
3,2,20,40,23512
1,2,21,45,30320
2,2,21,45,30320
3,2,21,42,24538
1,2,22,87,59080
2,2,22,87,59080
3,2,22,81,47813
1,2,23,85,57893
2,2,23,85,57893
3,2,23,79,46853
1,2,24,87,59080
2,2,24,87,59080
3,2,24,81,47813
1,2,25,46,30917
2,2,25,46,30917
3,2,25,42,25021
1,2,26,50,34134
2,2,26,50,34134
3,2,26,47,27624
1,2,27,103,70210
2,2,27,103,70210
3,2,27,96,56821
1,2,28,31,21154
2,2,28,31,21154
3,2,28,29,17120
1,2,29,92,62600
2,2,29,92,62600
3,2,29,86,50662
1,2,30,3,2090
2,2,30,3,2090
3,2,30,3,1691
1,2,31,27,18149
2,2,31,27,18149
3,2,31,25,14688
1,2,32,66,44797
2,2,32,66,44797
3,2,32,61,36254
1,2,33,61,41258
2,2,33,61,41258
3,2,33,57,33390
1,2,34,128,86733
2,2,34,128,86733
3,2,34,119,70193
1,2,35,166,112883
2,2,35,166,112883
3,2,35,155,91356
1,2,36,125,84744
2,2,36,125,84744
3,2,36,116,68583
1,2,37,184,124945
2,2,37,184,124945
3,2,37,171,101118
1,2,38,178,121023
2,2,38,178,121023
3,2,38,166,97944
1,2,39,126,85698
2,2,39,126,85698
3,2,39,118,69355
1,3,1,19,12930
2,3,1,19,12930
3,3,1,18,10464
1,3,2,55,37544
2,3,2,55,37544
3,3,2,51,30385
1,3,3,0,0
2,3,3,0,0
3,3,3,0,0
1,3,4,118,80302
2,3,4,118,80302
3,3,4,110,64988
1,3,5,51,34514
2,3,5,51,34514
3,3,5,47,27932
1,3,6,7,4969
2,3,6,7,4969
3,3,6,7,4021
1,3,7,5,3506
2,3,7,5,3506
3,3,7,5,2837
1,3,8,22,14957
2,3,8,22,14957
3,3,8,21,12105
1,3,9,67,45476
2,3,9,67,45476
3,3,9,62,36804
1,3,10,101,68275
2,3,10,101,68275
3,3,10,94,55255
1,3,11,94,63953
2,3,11,94,63953
3,3,11,88,51757
1,3,12,48,32266
2,3,12,48,32266
3,3,12,44,26113
1,3,13,43,29038
2,3,13,43,29038
3,3,13,40,23501
1,3,14,8,5238
2,3,14,8,5238
3,3,14,7,4239
1,3,15,20,13653
2,3,15,20,13653
3,3,15,19,11049
1,3,16,5,3482
2,3,16,5,3482
3,3,16,5,2818
1,3,17,47,31878
2,3,17,47,31878
3,3,17,44,25799
1,3,18,73,49630
2,3,18,73,49630
3,3,18,68,40165
1,3,19,34,22923
2,3,19,34,22923
3,3,19,31,18551
1,3,20,80,54147
2,3,20,80,54147
3,3,20,74,43821
1,3,21,82,55414
2,3,21,82,55414
3,3,21,76,44847
1,3,22,35,23980
2,3,22,35,23980
3,3,22,33,19407
1,3,23,34,22793
2,3,23,34,22793
3,3,23,31,18446
1,3,24,35,23980
2,3,24,35,23980
3,3,24,33,19407
1,3,25,83,56012
2,3,25,83,56012
3,3,25,77,45331
1,3,26,12,8073
2,3,26,12,8073
3,3,26,11,6533
1,3,27,52,35109
2,3,27,52,35109
3,3,27,48,28414
1,3,28,29,19531
2,3,28,29,19531
3,3,28,27,15806
1,3,29,129,87695
2,3,29,129,87695
3,3,29,120,70971
1,3,30,54,36880
2,3,30,54,36880
3,3,30,51,29846
1,3,31,64,43244
2,3,31,64,43244
3,3,31,59,34997
1,3,32,14,9697
2,3,32,14,9697
3,3,32,13,7847
1,3,33,98,66353
2,3,33,98,66353
3,3,33,91,53699
1,3,34,165,111828
2,3,34,165,111828
3,3,34,153,90502
1,3,35,203,137978
2,3,35,203,137978
3,3,35,189,111665
1,3,36,162,109839
2,3,36,162,109839
3,3,36,151,88892
1,3,37,221,150040
2,3,37,221,150040
3,3,37,206,121427
1,3,38,215,146118
2,3,38,215,146118
3,3,38,200,118253
1,3,39,163,110793
2,3,39,163,110793
3,3,39,152,89664
1,4,1,134,90788
2,4,1,134,90788
3,4,1,125,73474
1,4,2,81,55207
2,4,2,81,55207
3,4,2,76,44679
1,4,3,118,80302
2,4,3,118,80302
3,4,3,110,64988
1,4,4,0,0
2,4,4,0,0
3,4,4,0,0
1,4,5,112,75887
2,4,5,112,75887
3,4,5,104,61415
1,4,6,117,79509
2,4,6,117,79509
3,4,6,109,64347
1,4,7,114,77068
2,4,7,114,77068
3,4,7,106,62371
1,4,8,137,92815
2,4,8,137,92815
3,4,8,127,75115
1,4,9,182,123334
2,4,9,182,123334
3,4,9,169,99814
1,4,10,18,12316
2,4,10,18,12316
3,4,10,17,9967
1,4,11,26,17826
2,4,11,26,17826
3,4,11,24,14427
1,4,12,89,60083
2,4,12,89,60083
3,4,12,82,48625
1,4,13,89,60168
2,4,13,89,60168
3,4,13,83,48694
1,4,14,111,75254
2,4,14,111,75254
3,4,14,103,60903
1,4,15,129,87229
2,4,15,129,87229
3,4,15,120,70594
1,4,16,115,78023
2,4,16,115,78023
3,4,16,107,63143
1,4,17,162,109736
2,4,17,162,109736
3,4,17,151,88809
1,4,18,185,125238
2,4,18,185,125238
3,4,18,172,101355
1,4,19,146,99344
2,4,19,146,99344
3,4,19,136,80399
1,4,20,40,27333
2,4,20,40,27333
3,4,20,37,22120
1,4,21,39,26406
2,4,21,39,26406
3,4,21,36,21370
1,4,22,150,101837
2,4,22,150,101837
3,4,22,140,82417
1,4,23,148,100651
2,4,23,148,100651
3,4,23,138,81456
1,4,24,150,101837
2,4,24,150,101837
3,4,24,140,82417
1,4,25,36,24705
2,4,25,36,24705
3,4,25,34,19994
1,4,26,113,76891
2,4,26,113,76891
3,4,26,105,62228
1,4,27,166,112967
2,4,27,166,112967
3,4,27,155,91424
1,4,28,93,63362
2,4,28,93,63362
3,4,28,87,51279
1,4,29,70,47332
2,4,29,70,47332
3,4,29,65,38305
1,4,30,78,53190
2,4,30,78,53190
3,4,30,73,43047
1,4,31,57,38586
2,4,31,57,38586
3,4,31,53,31228
1,4,32,129,87554
2,4,32,129,87554
3,4,32,120,70857
1,4,33,23,15510
2,4,33,23,15510
3,4,33,21,12552
1,4,34,47,32080
2,4,34,47,32080
3,4,34,44,25962
1,4,35,87,58932
2,4,35,87,58932
3,4,35,81,47694
1,4,36,44,30091
2,4,36,44,30091
3,4,36,41,24353
1,4,37,104,70743
2,4,37,104,70743
3,4,37,97,57252
1,4,38,98,66821
2,4,38,98,66821
3,4,38,92,54078
1,4,39,46,31045
2,4,39,46,31045
3,4,39,43,25125
1,5,1,66,45000
2,5,1,66,45000
3,5,1,62,36418
1,5,2,51,34473
2,5,2,51,34473
3,5,2,47,27899
1,5,3,51,34514
2,5,3,51,34514
3,5,3,47,27932
1,5,4,112,75887
2,5,4,112,75887
3,5,4,104,61415
1,5,5,0,0
2,5,5,0,0
3,5,5,0,0
1,5,6,50,33765
2,5,6,50,33765
3,5,6,46,27326
1,5,7,46,31326
2,5,7,46,31326
3,5,7,43,25352
1,5,8,69,47027
2,5,8,69,47027
3,5,8,65,38059
1,5,9,114,77546
2,5,9,114,77546
3,5,9,106,62758
1,5,10,94,63861
2,5,10,94,63861
3,5,10,88,51683
1,5,11,88,59539
2,5,11,88,59539
3,5,11,82,48184
1,5,12,43,29194
2,5,12,43,29194
3,5,12,40,23627
1,5,13,38,25966
2,5,13,38,25966
3,5,13,36,21014
1,5,14,44,29532
2,5,14,44,29532
3,5,14,41,23900
1,5,15,55,37139
2,5,15,55,37139
3,5,15,51,30057
1,5,16,48,32278
2,5,16,48,32278
3,5,16,44,26123
1,5,17,94,63948
2,5,17,94,63948
3,5,17,88,51753
1,5,18,81,54760
2,5,18,81,54760
3,5,18,75,44318
1,5,19,54,36614
2,5,19,54,36614
3,5,19,50,29632
1,5,20,73,49733
2,5,20,73,49733
3,5,20,68,40249
1,5,21,75,51000
2,5,21,75,51000
3,5,21,70,41274
1,5,22,83,56049
2,5,22,83,56049
3,5,22,77,45361
1,5,23,81,54863
2,5,23,81,54863
3,5,23,75,44400
1,5,24,83,56049
2,5,24,83,56049
3,5,24,77,45361
1,5,25,76,51598
2,5,25,76,51598
3,5,25,71,41758
1,5,26,46,31103
2,5,26,46,31103
3,5,26,43,25172
1,5,27,99,67179
2,5,27,99,67179
3,5,27,92,54368
1,5,28,23,15308
2,5,28,23,15308
3,5,28,21,12388
1,5,29,123,83210
2,5,29,123,83210
3,5,29,114,67342
1,5,30,50,33799
2,5,30,50,33799
3,5,30,46,27354
1,5,31,57,38830
2,5,31,57,38830
3,5,31,53,31425
1,5,32,62,41766
2,5,32,62,41766
3,5,32,57,33801
1,5,33,91,61939
2,5,33,91,61939
3,5,33,85,50127
1,5,34,158,107414
2,5,34,158,107414
3,5,34,147,86929
1,5,35,197,133563
2,5,35,197,133563
3,5,35,183,108093
1,5,36,155,105425
2,5,36,155,105425
3,5,36,145,85320
1,5,37,215,145626
2,5,37,215,145626
3,5,37,200,117854
1,5,38,209,141704
2,5,38,209,141704
3,5,38,194,114680
1,5,39,157,106379
2,5,39,157,106379
3,5,39,146,86092
1,6,1,23,15911
2,6,1,23,15911
3,6,1,22,12877
1,6,2,54,36752
2,6,2,54,36752
3,6,2,50,29744
1,6,3,7,4969
2,6,3,7,4969
3,6,3,7,4021
1,6,4,117,79509
2,6,4,117,79509
3,6,4,109,64347
1,6,5,50,33765
2,6,5,50,33765
3,6,5,46,27326
1,6,6,0,0
2,6,6,0,0
3,6,6,0,0
1,6,7,4,2442
2,6,7,4,2442
3,6,7,3,1976
1,6,8,26,17938
2,6,8,26,17938
3,6,8,25,14517
1,6,9,71,48457
2,6,9,71,48457
3,6,9,66,39216
1,6,10,99,67483
2,6,10,99,67483
3,6,10,93,54614
1,6,11,93,63161
2,6,11,93,63161
3,6,11,87,51116
1,6,12,46,31474
2,6,12,46,31474
3,6,12,43,25472
1,6,13,42,28246
2,6,13,42,28246
3,6,13,39,22859
1,6,14,6,4283
2,6,14,6,4283
3,6,14,6,3466
1,6,15,22,15222
2,6,15,22,15222
3,6,15,21,12319
1,6,16,2,1487
2,6,16,2,1487
3,6,16,2,1203
1,6,17,51,34859
2,6,17,51,34859
3,6,17,48,28211
1,6,18,77,52320
2,6,18,77,52320
3,6,18,72,42342
1,6,19,38,25689
2,6,19,38,25689
3,6,19,35,20790
1,6,20,79,53355
2,6,20,79,53355
3,6,20,73,43180
1,6,21,80,54622
2,6,21,80,54622
3,6,21,75,44206
1,6,22,40,26961
2,6,22,40,26961
3,6,22,37,21819
1,6,23,38,25774
2,6,23,38,25774
3,6,23,35,20859
1,6,24,40,26961
2,6,24,40,26961
3,6,24,37,21819
1,6,25,81,55220
2,6,25,81,55220
3,6,25,76,44689
1,6,26,11,7783
2,6,26,11,7783
3,6,26,11,6299
1,6,27,56,38091
2,6,27,56,38091
3,6,27,52,30827
1,6,28,28,18783
2,6,28,28,18783
3,6,28,26,15201
1,6,29,128,86903
2,6,29,128,86903
3,6,29,119,70330
1,6,30,53,36087
2,6,30,53,36087
3,6,30,50,29205
1,6,31,63,42452
2,6,31,63,42452
3,6,31,58,34356
1,6,32,19,12678
2,6,32,19,12678
3,6,32,17,10260
1,6,33,97,65560
2,6,33,97,65560
3,6,33,90,53058
1,6,34,164,111036
2,6,34,164,111036
3,6,34,152,89861
1,6,35,202,137186
2,6,35,202,137186
3,6,35,188,111024
1,6,36,161,109047
2,6,36,161,109047
3,6,36,150,88251
1,6,37,220,149248
2,6,37,220,149248
3,6,37,205,120786
1,6,38,214,145326
2,6,38,214,145326
3,6,38,199,117612
1,6,39,162,110001
2,6,39,162,110001
3,6,39,151,89023
1,7,1,21,14445
2,7,1,21,14445
3,7,1,20,11690
1,7,2,51,34311
2,7,2,51,34311
3,7,2,47,27768
1,7,3,5,3506
2,7,3,5,3506
3,7,3,5,2837
1,7,4,114,77068
2,7,4,114,77068
3,7,4,106,62371
1,7,5,46,31326
2,7,5,46,31326
3,7,5,43,25352
1,7,6,4,2442
2,7,6,4,2442
3,7,6,3,1976
1,7,7,0,0
2,7,7,0,0
3,7,7,0,0
1,7,8,24,16472
2,7,8,24,16472
3,7,8,23,13331
1,7,9,69,46991
2,7,9,69,46991
3,7,9,64,38030
1,7,10,96,65041
2,7,10,96,65041
3,7,10,89,52638
1,7,11,89,60719
2,7,11,89,60719
3,7,11,83,49140
1,7,12,43,29032
2,7,12,43,29032
3,7,12,40,23496
1,7,13,38,25804
2,7,13,38,25804
3,7,13,35,20883
1,7,14,3,1841
2,7,14,3,1841
3,7,14,3,1490
1,7,15,20,13352
2,7,15,20,13352
3,7,15,18,10806
1,7,16,1,955
2,7,16,1,955
3,7,16,1,773
1,7,17,49,33393
2,7,17,49,33393
3,7,17,46,27024
1,7,18,75,50770
2,7,18,75,50770
3,7,18,70,41088
1,7,19,36,24164
2,7,19,36,24164
3,7,19,33,19556
1,7,20,75,50913
2,7,20,75,50913
3,7,20,70,41204
1,7,21,77,52180
2,7,21,77,52180
3,7,21,72,42229
1,7,22,38,25494
2,7,22,38,25494
3,7,22,35,20632
1,7,23,36,24308
2,7,23,36,24308
3,7,23,33,19672
1,7,24,38,25494
2,7,24,38,25494
3,7,24,35,20632
1,7,25,78,52778
2,7,25,78,52778
3,7,25,72,42713
1,7,26,8,5417
2,7,26,8,5417
3,7,26,7,4384
1,7,27,54,36624
2,7,27,54,36624
3,7,27,50,29640
1,7,28,24,16343
2,7,28,24,16343
3,7,28,22,13226
1,7,29,124,84461
2,7,29,124,84461
3,7,29,116,68354
1,7,30,50,33646
2,7,30,50,33646
3,7,30,46,27229
1,7,31,59,40010
2,7,31,59,40010
3,7,31,55,32380
1,7,32,17,11211
2,7,32,17,11211
3,7,32,15,9073
1,7,33,93,63119
2,7,33,93,63119
3,7,33,87,51082
1,7,34,160,108594
2,7,34,160,108594
3,7,34,149,87885
1,7,35,199,134744
2,7,35,199,134744
3,7,35,185,109048
1,7,36,157,106605
2,7,36,157,106605
3,7,36,146,86275
1,7,37,216,146806
2,7,37,216,146806
3,7,37,201,118810
1,7,38,211,142884
2,7,38,211,142884
3,7,38,196,115635
1,7,39,158,107559
2,7,39,158,107559
3,7,39,148,87047
1,8,1,8,5106
2,8,1,8,5106
3,8,1,7,4132
1,8,2,74,50058
2,8,2,74,50058
3,8,2,69,40512
1,8,3,22,14957
2,8,3,22,14957
3,8,3,21,12105
1,8,4,137,92815
2,8,4,137,92815
3,8,4,127,75115
1,8,5,69,47027
2,8,5,69,47027
3,8,5,65,38059
1,8,6,26,17938
2,8,6,26,17938
3,8,6,25,14517
1,8,7,24,16472
2,8,7,24,16472
3,8,7,23,13331
1,8,8,0,0
2,8,8,0,0
3,8,8,0,0
1,8,9,51,34452
2,8,9,51,34452
3,8,9,47,27882
1,8,10,119,80789
2,8,10,119,80789
3,8,10,111,65382
1,8,11,113,76466
2,8,11,113,76466
3,8,11,105,61884
1,8,12,66,44779
2,8,12,66,44779
3,8,12,61,36240
1,8,13,61,41552
2,8,13,61,41552
3,8,13,57,33628
1,8,14,27,18062
2,8,14,27,18062
3,8,14,25,14617
1,8,15,30,20665
2,8,15,30,20665
3,8,15,28,16724
1,8,16,24,16451
2,8,16,24,16451
3,8,16,23,13314
1,8,17,31,20854
2,8,17,31,20854
3,8,17,29,16877
1,8,18,69,46703
2,8,18,69,46703
3,8,18,64,37797
1,8,19,29,19741
2,8,19,29,19741
3,8,19,27,15976
1,8,20,98,66661
2,8,20,98,66661
3,8,20,91,53948
1,8,21,100,67928
2,8,21,100,67928
3,8,21,93,54974
1,8,22,19,12955
2,8,22,19,12955
3,8,22,18,10485
1,8,23,17,11769
2,8,23,17,11769
3,8,23,16,9524
1,8,24,19,12955
2,8,24,19,12955
3,8,24,18,10485
1,8,25,101,68526
2,8,25,101,68526
3,8,25,94,55458
1,8,26,30,20103
2,8,26,30,20103
3,8,26,28,16269
1,8,27,35,24085
2,8,27,35,24085
3,8,27,33,19492
1,8,28,47,32044
2,8,28,47,32044
3,8,28,44,25933
1,8,29,148,100208
2,8,29,148,100208
3,8,29,137,81098
1,8,30,73,49393
2,8,30,73,49393
3,8,30,68,39973
1,8,31,82,55757
2,8,31,82,55757
3,8,31,76,45124
1,8,32,11,7146
2,8,32,11,7146
3,8,32,10,5783
1,8,33,116,78866
2,8,33,116,78866
3,8,33,108,63826
1,8,34,183,124341
2,8,34,183,124341
3,8,34,171,100629
1,8,35,222,150491
2,8,35,222,150491
3,8,35,206,121792
1,8,36,180,122352
2,8,36,180,122352
3,8,36,168,99019
1,8,37,239,162553
2,8,37,239,162553
3,8,37,223,131554
1,8,38,234,158631
2,8,38,234,158631
3,8,38,218,128380
1,8,39,182,123306
2,8,39,182,123306
3,8,39,169,99791
1,9,1,52,35625
2,9,1,52,35625
3,9,1,49,28831
1,9,2,119,80577
2,9,2,119,80577
3,9,2,111,65211
1,9,3,67,45476
2,9,3,67,45476
3,9,3,62,36804
1,9,4,182,123334
2,9,4,182,123334
3,9,4,169,99814
1,9,5,114,77546
2,9,5,114,77546
3,9,5,106,62758
1,9,6,71,48457
2,9,6,71,48457
3,9,6,66,39216
1,9,7,69,46991
2,9,7,69,46991
3,9,7,64,38030
1,9,8,51,34452
2,9,8,51,34452
3,9,8,47,27882
1,9,9,0,0
2,9,9,0,0
3,9,9,0,0
1,9,10,164,111308
2,9,10,164,111308
3,9,10,153,90081
1,9,11,158,106985
2,9,11,158,106985
3,9,11,147,86583
1,9,12,111,75298
2,9,12,111,75298
3,9,12,103,60939
1,9,13,106,72071
2,9,13,106,72071
3,9,13,99,58327
1,9,14,72,48581
2,9,14,72,48581
3,9,14,67,39316
1,9,15,75,51184
2,9,15,75,51184
3,9,15,70,41423
1,9,16,69,46970
2,9,16,69,46970
3,9,16,64,38013
1,9,17,29,19628
2,9,17,29,19628
3,9,17,27,15885
1,9,18,106,71742
2,9,18,106,71742
3,9,18,98,58060
1,9,19,66,44779
2,9,19,66,44779
3,9,19,61,36240
1,9,20,143,97180
2,9,20,143,97180
3,9,20,133,78647
1,9,21,145,98447
2,9,21,145,98447
3,9,21,135,79673
1,9,22,39,26506
2,9,22,39,26506
3,9,22,36,21451
1,9,23,37,25319
2,9,23,37,25319
3,9,23,35,20491
1,9,24,39,26506
2,9,24,39,26506
3,9,24,36,21451
1,9,25,146,99045
2,9,25,146,99045
3,9,25,136,80157
1,9,26,75,50622
2,9,26,75,50622
3,9,26,69,40968
1,9,27,22,14596
2,9,27,22,14596
3,9,27,20,11812
1,9,28,92,62563
2,9,28,92,62563
3,9,28,86,50632
1,9,29,193,130727
2,9,29,193,130727
3,9,29,179,105797
1,9,30,118,79912
2,9,30,118,79912
3,9,30,110,64673
1,9,31,127,86276
2,9,31,127,86276
3,9,31,118,69823
1,9,32,55,37665
2,9,32,55,37665
3,9,32,52,30482
1,9,33,161,109385
2,9,33,161,109385
3,9,33,150,88525
1,9,34,228,154860
2,9,34,228,154860
3,9,34,212,125328
1,9,35,267,181010
2,9,35,267,181010
3,9,35,248,146491
1,9,36,225,152871
2,9,36,225,152871
3,9,36,210,123718
1,9,37,284,193072
2,9,37,284,193072
3,9,37,265,156253
1,9,38,279,189150
2,9,38,279,189150
3,9,38,259,153079
1,9,39,227,153825
2,9,39,227,153825
3,9,39,211,124490
1,10,1,116,78762
2,10,1,116,78762
3,10,1,108,63741
1,10,2,64,43181
2,10,2,64,43181
3,10,2,59,34946
1,10,3,101,68275
2,10,3,101,68275
3,10,3,94,55255
1,10,4,18,12316
2,10,4,18,12316
3,10,4,17,9967
1,10,5,94,63861
2,10,5,94,63861
3,10,5,88,51683
1,10,6,99,67483
2,10,6,99,67483
3,10,6,93,54614
1,10,7,96,65041
2,10,7,96,65041
3,10,7,89,52638
1,10,8,119,80789
2,10,8,119,80789
3,10,8,111,65382
1,10,9,164,111308
2,10,9,164,111308
3,10,9,153,90081
1,10,10,0,0
2,10,10,0,0
3,10,10,0,0
1,10,11,9,5800
2,10,11,9,5800
3,10,11,8,4694
1,10,12,71,48057
2,10,12,71,48057
3,10,12,66,38892
1,10,13,71,48142
2,10,13,71,48142
3,10,13,66,38961
1,10,14,93,63227
2,10,14,93,63227
3,10,14,87,51170
1,10,15,111,75203
2,10,15,111,75203
3,10,15,103,60862
1,10,16,97,65996
2,10,16,97,65996
3,10,16,91,53411
1,10,17,144,97709
2,10,17,144,97709
3,10,17,134,79076
1,10,18,167,113212
2,10,18,167,113212
3,10,18,155,91622
1,10,19,129,87318
2,10,19,129,87318
3,10,19,120,70666
1,10,20,23,15306
2,10,20,23,15306
3,10,20,21,12387
1,10,21,21,14380
2,10,21,21,14380
3,10,21,20,11637
1,10,22,132,89811
2,10,22,132,89811
3,10,22,123,72684
1,10,23,131,88624
2,10,23,131,88624
3,10,23,122,71723
1,10,24,132,89811
2,10,24,132,89811
3,10,24,123,72684
1,10,25,19,12679
2,10,25,19,12679
3,10,25,17,10261
1,10,26,96,64865
2,10,26,96,64865
3,10,26,89,52495
1,10,27,149,100941
2,10,27,149,100941
3,10,27,138,81691
1,10,28,76,51336
2,10,28,76,51336
3,10,28,70,41546
1,10,29,52,35339
2,10,29,52,35339
3,10,29,48,28600
1,10,30,61,41164
2,10,30,61,41164
3,10,30,56,33314
1,10,31,39,26560
2,10,31,39,26560
3,10,31,36,21495
1,10,32,111,75528
2,10,32,111,75528
3,10,32,104,61125
1,10,33,5,3484
2,10,33,5,3484
3,10,33,5,2820
1,10,34,65,43842
2,10,34,65,43842
3,10,34,60,35481
1,10,35,103,70002
2,10,35,103,70002
3,10,35,96,56652
1,10,36,62,41853
2,10,36,62,41853
3,10,36,57,33872
1,10,37,121,82054
2,10,37,121,82054
3,10,37,113,66406
1,10,38,115,78132
2,10,38,115,78132
3,10,38,107,63232
1,10,39,63,42807
2,10,39,63,42807
3,10,39,59,34644
1,11,1,110,74439
2,11,1,110,74439
3,11,1,102,60243
1,11,2,57,38858
2,11,2,57,38858
3,11,2,53,31448
1,11,3,94,63953
2,11,3,94,63953
3,11,3,88,51757
1,11,4,26,17826
2,11,4,26,17826
3,11,4,24,14427
1,11,5,88,59539
2,11,5,88,59539
3,11,5,82,48184
1,11,6,93,63161
2,11,6,93,63161
3,11,6,87,51116
1,11,7,89,60719
2,11,7,89,60719
3,11,7,83,49140
1,11,8,113,76466
2,11,8,113,76466
3,11,8,105,61884
1,11,9,158,106985
2,11,9,158,106985
3,11,9,147,86583
1,11,10,9,5800
2,11,10,9,5800
3,11,10,8,4694
1,11,11,0,0
2,11,11,0,0
3,11,11,0,0
1,11,12,64,43734
2,11,12,64,43734
3,11,12,60,35394
1,11,13,65,43820
2,11,13,65,43820
3,11,13,60,35463
1,11,14,87,58905
2,11,14,87,58905
3,11,14,81,47672
1,11,15,104,70881
2,11,15,104,70881
3,11,15,97,57364
1,11,16,91,61674
2,11,16,91,61674
3,11,16,85,49912
1,11,17,138,93387
2,11,17,138,93387
3,11,17,128,75578
1,11,18,160,108889
2,11,18,160,108889
3,11,18,149,88124
1,11,19,122,82995
2,11,19,122,82995
3,11,19,114,67168
1,11,20,16,10984
2,11,20,16,10984
3,11,20,15,8889
1,11,21,15,10057
2,11,21,15,10057
3,11,21,14,8139
1,11,22,126,85489
2,11,22,126,85489
3,11,22,117,69186
1,11,23,124,84302
2,11,23,124,84302
3,11,23,116,68225
1,11,24,126,85489
2,11,24,126,85489
3,11,24,117,69186
1,11,25,12,8357
2,11,25,12,8357
3,11,25,11,6763
1,11,26,89,60542
2,11,26,89,60542
3,11,26,83,48997
1,11,27,142,96619
2,11,27,142,96619
3,11,27,133,78193
1,11,28,69,47013
2,11,28,69,47013
3,11,28,64,38048
1,11,29,51,34944
2,11,29,51,34944
3,11,29,48,28280
1,11,30,54,36842
2,11,30,54,36842
3,11,30,51,29816
1,11,31,33,22237
2,11,31,33,22237
3,11,31,31,17997
1,11,32,105,71206
2,11,32,105,71206
3,11,32,98,57626
1,11,33,4,2696
2,11,33,4,2696
3,11,33,4,2182
1,11,34,73,49352
2,11,34,73,49352
3,11,34,68,39941
1,11,35,111,75502
2,11,35,111,75502
3,11,35,104,61104
1,11,36,70,47364
2,11,36,70,47364
3,11,36,65,38331
1,11,37,129,87565
2,11,37,129,87565
3,11,37,120,70866
1,11,38,123,83643
2,11,38,123,83643
3,11,38,115,67692
1,11,39,71,48318
2,11,39,71,48318
3,11,39,66,39104
1,12,1,63,42752
2,12,1,63,42752
3,12,1,59,34599
1,12,2,14,9328
2,12,2,14,9328
3,12,2,13,7549
1,12,3,48,32266
2,12,3,48,32266
3,12,3,44,26113
1,12,4,89,60083
2,12,4,89,60083
3,12,4,82,48625
1,12,5,43,29194
2,12,5,43,29194
3,12,5,40,23627
1,12,6,46,31474
2,12,6,46,31474
3,12,6,43,25472
1,12,7,43,29032
2,12,7,43,29032
3,12,7,40,23496
1,12,8,66,44779
2,12,8,66,44779
3,12,8,61,36240
1,12,9,111,75298
2,12,9,111,75298
3,12,9,103,60939
1,12,10,71,48057
2,12,10,71,48057
3,12,10,66,38892
1,12,11,64,43734
2,12,11,64,43734
3,12,11,60,35394
1,12,12,0,0
2,12,12,0,0
3,12,12,0,0
1,12,13,7,4583
2,12,13,7,4583
3,12,13,6,3709
1,12,14,40,27218
2,12,14,40,27218
3,12,14,37,22028
1,12,15,58,39194
2,12,15,58,39194
3,12,15,54,31719
1,12,16,44,29987
2,12,16,44,29987
3,12,16,41,24268
1,12,17,91,61700
2,12,17,91,61700
3,12,17,85,49934
1,12,18,114,77618
2,12,18,114,77618
3,12,18,106,62816
1,12,19,76,51309
2,12,19,76,51309
3,12,19,70,41524
1,12,20,50,33929
2,12,20,50,33929
3,12,20,47,27458
1,12,21,52,35196
2,12,21,52,35196
3,12,21,48,28484
1,12,22,79,53802
2,12,22,79,53802
3,12,22,74,43542
1,12,23,78,52615
2,12,23,78,52615
3,12,23,72,42581
1,12,24,79,53802
2,12,24,79,53802
3,12,24,74,43542
1,12,25,53,35794
2,12,25,53,35794
3,12,25,49,28968
1,12,26,43,28855
2,12,26,43,28855
3,12,26,40,23353
1,12,27,96,64932
2,12,27,96,64932
3,12,27,89,52549
1,12,28,23,15875
2,12,28,23,15875
3,12,28,22,12848
1,12,29,99,67476
2,12,29,99,67476
3,12,29,93,54608
1,12,30,15,9884
2,12,30,15,9884
3,12,30,14,7999
1,12,31,34,23025
2,12,31,34,23025
3,12,31,32,18634
1,12,32,58,39519
2,12,32,58,39519
3,12,32,54,31982
1,12,33,68,46134
2,12,33,68,46134
3,12,33,63,37336
1,12,34,135,91609
2,12,34,135,91609
3,12,34,126,74139
1,12,35,173,117759
2,12,35,173,117759
3,12,35,162,95302
1,12,36,132,89620
2,12,36,132,89620
3,12,36,123,72530
1,12,37,191,129821
2,12,37,191,129821
3,12,37,178,105064
1,12,38,185,125899
2,12,38,185,125899
3,12,38,173,101890
1,12,39,133,90574
2,12,39,133,90574
3,12,39,124,73302
1,13,1,58,39524
2,13,1,58,39524
3,13,1,54,31987
1,13,2,18,12169
2,13,2,18,12169
3,13,2,17,9848
1,13,3,43,29038
2,13,3,43,29038
3,13,3,40,23501
1,13,4,89,60168
2,13,4,89,60168
3,13,4,83,48694
1,13,5,38,25966
2,13,5,38,25966
3,13,5,36,21014
1,13,6,42,28246
2,13,6,42,28246
3,13,6,39,22859
1,13,7,38,25804
2,13,7,38,25804
3,13,7,35,20883
1,13,8,61,41552
2,13,8,61,41552
3,13,8,57,33628
1,13,9,106,72071
2,13,9,106,72071
3,13,9,99,58327
1,13,10,71,48142
2,13,10,71,48142
3,13,10,66,38961
1,13,11,65,43820
2,13,11,65,43820
3,13,11,60,35463
1,13,12,7,4583
2,13,12,7,4583
3,13,12,6,3709
1,13,13,0,0
2,13,13,0,0
3,13,13,0,0
1,13,14,35,23990
2,13,14,35,23990
3,13,14,33,19415
1,13,15,53,35966
2,13,15,53,35966
3,13,15,49,29107
1,13,16,39,26759
2,13,16,39,26759
3,13,16,37,21656
1,13,17,86,58472
2,13,17,86,58472
3,13,17,80,47321
1,13,18,110,74390
2,13,18,110,74390
3,13,18,102,60204
1,13,19,71,48081
2,13,19,71,48081
3,13,19,66,38911
1,13,20,50,34014
2,13,20,50,34014
3,13,20,47,27528
1,13,21,52,35281
2,13,21,52,35281
3,13,21,48,28553
1,13,22,75,50574
2,13,22,75,50574
3,13,22,69,40929
1,13,23,73,49387
2,13,23,73,49387
3,13,23,68,39969
1,13,24,75,50574
2,13,24,75,50574
3,13,24,69,40929
1,13,25,53,35879
2,13,25,53,35879
3,13,25,49,29037
1,13,26,38,25628
2,13,26,38,25628
3,13,26,35,20740
1,13,27,91,61704
2,13,27,91,61704
3,13,27,85,49937
1,13,28,19,12648
2,13,28,19,12648
3,13,28,17,10236
1,13,29,100,67562
2,13,29,100,67562
3,13,29,93,54677
1,13,30,18,12220
2,13,30,18,12220
3,13,30,17,9890
1,13,31,34,23110
2,13,31,34,23110
3,13,31,32,18703
1,13,32,53,36291
2,13,32,53,36291
3,13,32,50,29370
1,13,33,68,46219
2,13,33,68,46219
3,13,33,63,37405
1,13,34,135,91694
2,13,34,135,91694
3,13,34,126,74208
1,13,35,174,117844
2,13,35,174,117844
3,13,35,162,95371
1,13,36,132,89706
2,13,36,132,89706
3,13,36,123,72599
1,13,37,191,129907
2,13,37,191,129907
3,13,37,178,105133
1,13,38,186,125984
2,13,38,186,125984
3,13,38,173,101959
1,13,39,134,90660
2,13,39,134,90660
3,13,39,124,73371
1,14,1,24,16035
2,14,1,24,16035
3,14,1,22,12977
1,14,2,48,32497
2,14,2,48,32497
3,14,2,45,26299
1,14,3,8,5238
2,14,3,8,5238
3,14,3,7,4239
1,14,4,111,75254
2,14,4,111,75254
3,14,4,103,60903
1,14,5,44,29532
2,14,5,44,29532
3,14,5,41,23900
1,14,6,6,4283
2,14,6,6,4283
3,14,6,6,3466
1,14,7,3,1841
2,14,7,3,1841
3,14,7,3,1490
1,14,8,27,18062
2,14,8,27,18062
3,14,8,25,14617
1,14,9,72,48581
2,14,9,72,48581
3,14,9,67,39316
1,14,10,93,63227
2,14,10,93,63227
3,14,10,87,51170
1,14,11,87,58905
2,14,11,87,58905
3,14,11,81,47672
1,14,12,40,27218
2,14,12,40,27218
3,14,12,37,22028
1,14,13,35,23990
2,14,13,35,23990
3,14,13,33,19415
1,14,14,0,0
2,14,14,0,0
3,14,14,0,0
1,14,15,20,13622
2,14,15,20,13622
3,14,15,19,11024
1,14,16,4,2796
2,14,16,4,2796
3,14,16,4,2263
1,14,17,52,34982
2,14,17,52,34982
3,14,17,48,28311
1,14,18,76,51789
2,14,18,76,51789
3,14,18,71,41913
1,14,19,37,25311
2,14,19,37,25311
3,14,19,35,20484
1,14,20,72,49099
2,14,20,72,49099
3,14,20,67,39736
1,14,21,74,50366
2,14,21,74,50366
3,14,21,69,40761
1,14,22,40,27084
2,14,22,40,27084
3,14,22,37,21919
1,14,23,38,25897
2,14,23,38,25897
3,14,23,36,20959
1,14,24,40,27084
2,14,24,40,27084
3,14,24,37,21919
1,14,25,75,50964
2,14,25,75,50964
3,14,25,70,41245
1,14,26,6,4173
2,14,26,6,4173
3,14,26,6,3377
1,14,27,56,38214
2,14,27,56,38214
3,14,27,52,30926
1,14,28,21,14549
2,14,28,21,14549
3,14,28,20,11774
1,14,29,122,82647
2,14,29,122,82647
3,14,29,113,66886
1,14,30,47,31832
2,14,30,47,31832
3,14,30,44,25761
1,14,31,56,38196
2,14,31,56,38196
3,14,31,52,30912
1,14,32,19,12801
2,14,32,19,12801
3,14,32,18,10360
1,14,33,90,61305
2,14,33,90,61305
3,14,33,84,49614
1,14,34,157,106780
2,14,34,157,106780
3,14,34,146,86417
1,14,35,196,132930
2,14,35,196,132930
3,14,35,182,107580
1,14,36,154,104791
2,14,36,154,104791
3,14,36,144,84807
1,14,37,214,144992
2,14,37,214,144992
3,14,37,199,117342
1,14,38,208,141070
2,14,38,208,141070
3,14,38,194,114167
1,14,39,156,105745
2,14,39,156,105745
3,14,39,145,85579
1,15,1,28,18784
2,15,1,28,18784
3,15,1,26,15202
1,15,2,66,44472
2,15,2,66,44472
3,15,2,61,35991
1,15,3,20,13653
2,15,3,20,13653
3,15,3,19,11049
1,15,4,129,87229
2,15,4,129,87229
3,15,4,120,70594
1,15,5,55,37139
2,15,5,55,37139
3,15,5,51,30057
1,15,6,22,15222
2,15,6,22,15222
3,15,6,21,12319
1,15,7,20,13352
2,15,7,20,13352
3,15,7,18,10806
1,15,8,30,20665
2,15,8,30,20665
3,15,8,28,16724
1,15,9,75,51184
2,15,9,75,51184
3,15,9,70,41423
1,15,10,111,75203
2,15,10,111,75203
3,15,10,103,60862
1,15,11,104,70881
2,15,11,104,70881
3,15,11,97,57364
1,15,12,58,39194
2,15,12,58,39194
3,15,12,54,31719
1,15,13,53,35966
2,15,13,53,35966
3,15,13,49,29107
1,15,14,20,13622
2,15,14,20,13622
3,15,14,19,11024
1,15,15,0,0
2,15,15,0,0
3,15,15,0,0
1,15,16,20,13735
2,15,16,20,13735
3,15,16,19,11116
1,15,17,55,37586
2,15,17,55,37586
3,15,17,52,30418
1,15,18,63,42781
2,15,18,63,42781
3,15,18,59,34622
1,15,19,26,17936
2,15,19,26,17936
3,15,19,25,14515
1,15,20,90,61075
2,15,20,90,61075
3,15,20,84,49428
1,15,21,92,62342
2,15,21,92,62342
3,15,21,86,50453
1,15,22,44,29687
2,15,22,44,29687
3,15,22,41,24026
1,15,23,42,28501
2,15,23,42,28501
3,15,23,39,23065
1,15,24,44,29687
2,15,24,44,29687
3,15,24,41,24026
1,15,25,93,62940
2,15,25,93,62940
3,15,25,86,50937
1,15,26,20,13790
2,15,26,20,13790
3,15,26,19,11160
1,15,27,60,40817
2,15,27,60,40817
3,15,27,56,33033
1,15,28,39,26459
2,15,28,39,26459
3,15,28,36,21413
1,15,29,139,94623
2,15,29,139,94623
3,15,29,130,76578
1,15,30,65,43807
2,15,30,65,43807
3,15,30,60,35453
1,15,31,74,50172
2,15,31,74,50172
3,15,31,69,40604
1,15,32,24,16006
2,15,32,24,16006
3,15,32,22,12954
1,15,33,108,73280
2,15,33,108,73280
3,15,33,101,59306
1,15,34,175,118755
2,15,34,175,118755
3,15,34,163,96108
1,15,35,213,144905
2,15,35,213,144905
3,15,35,199,117272
1,15,36,172,116767
2,15,36,172,116767
3,15,36,160,94499
1,15,37,231,156968
2,15,37,231,156968
3,15,37,215,127033
1,15,38,225,153045
2,15,38,225,153045
3,15,38,210,123859
1,15,39,173,117721
2,15,39,173,117721
3,15,39,161,95271
1,16,1,21,14424
2,16,1,21,14424
3,16,1,20,11673
1,16,2,52,35265
2,16,2,52,35265
3,16,2,48,28540
1,16,3,5,3482
2,16,3,5,3482
3,16,3,5,2818
1,16,4,115,78023
2,16,4,115,78023
3,16,4,107,63143
1,16,5,48,32278
2,16,5,48,32278
3,16,5,44,26123
1,16,6,2,1487
2,16,6,2,1487
3,16,6,2,1203
1,16,7,1,955
2,16,7,1,955
3,16,7,1,773
1,16,8,24,16451
2,16,8,24,16451
3,16,8,23,13314
1,16,9,69,46970
2,16,9,69,46970
3,16,9,64,38013
1,16,10,97,65996
2,16,10,97,65996
3,16,10,91,53411
1,16,11,91,61674
2,16,11,91,61674
3,16,11,85,49912
1,16,12,44,29987
2,16,12,44,29987
3,16,12,41,24268
1,16,13,39,26759
2,16,13,39,26759
3,16,13,37,21656
1,16,14,4,2796
2,16,14,4,2796
3,16,14,4,2263
1,16,15,20,13735
2,16,15,20,13735
3,16,15,19,11116
1,16,16,0,0
2,16,16,0,0
3,16,16,0,0
1,16,17,49,33372
2,16,17,49,33372
3,16,17,46,27008
1,16,18,75,50833
2,16,18,75,50833
3,16,18,70,41139
1,16,19,36,24202
2,16,19,36,24202
3,16,19,33,19587
1,16,20,76,51868
2,16,20,76,51868
3,16,20,71,41977
1,16,21,78,53135
2,16,21,78,53135
3,16,21,73,43002
1,16,22,38,25474
2,16,22,38,25474
3,16,22,35,20616
1,16,23,36,24287
2,16,23,36,24287
3,16,23,33,19655
1,16,24,38,25474
2,16,24,38,25474
3,16,24,35,20616
1,16,25,79,53733
2,16,25,79,53733
3,16,25,74,43486
1,16,26,9,6296
2,16,26,9,6296
3,16,26,9,5096
1,16,27,54,36603
2,16,27,54,36603
3,16,27,50,29623
1,16,28,25,17295
2,16,28,25,17295
3,16,28,24,13997
1,16,29,126,85416
2,16,29,126,85416
3,16,29,117,69127
1,16,30,51,34600
2,16,30,51,34600
3,16,30,47,28002
1,16,31,60,40965
2,16,31,60,40965
3,16,31,56,33153
1,16,32,16,11191
2,16,32,16,11191
3,16,32,15,9057
1,16,33,94,64074
2,16,33,94,64074
3,16,33,88,51855
1,16,34,161,109549
2,16,34,161,109549
3,16,34,150,88657
1,16,35,200,135699
2,16,35,200,135699
3,16,35,186,109820
1,16,36,158,107560
2,16,36,158,107560
3,16,36,148,87048
1,16,37,218,147761
2,16,37,218,147761
3,16,37,203,119582
1,16,38,212,143839
2,16,38,212,143839
3,16,38,197,116408
1,16,39,160,108514
2,16,39,160,108514
3,16,39,149,87820
1,17,1,32,22026
2,17,1,32,22026
3,17,1,30,17826
1,17,2,99,66978
2,17,2,99,66978
3,17,2,92,54206
1,17,3,47,31878
2,17,3,47,31878
3,17,3,44,25799
1,17,4,162,109736
2,17,4,162,109736
3,17,4,151,88809
1,17,5,94,63948
2,17,5,94,63948
3,17,5,88,51753
1,17,6,51,34859
2,17,6,51,34859
3,17,6,48,28211
1,17,7,49,33393
2,17,7,49,33393
3,17,7,46,27024
1,17,8,31,20854
2,17,8,31,20854
3,17,8,29,16877
1,17,9,29,19628
2,17,9,29,19628
3,17,9,27,15885
1,17,10,144,97709
2,17,10,144,97709
3,17,10,134,79076
1,17,11,138,93387
2,17,11,138,93387
3,17,11,128,75578
1,17,12,91,61700
2,17,12,91,61700
3,17,12,85,49934
1,17,13,86,58472
2,17,13,86,58472
3,17,13,80,47321
1,17,14,52,34982
2,17,14,52,34982
3,17,14,48,28311
1,17,15,55,37586
2,17,15,55,37586
3,17,15,52,30418
1,17,16,49,33372
2,17,16,49,33372
3,17,16,46,27008
1,17,17,0,0
2,17,17,0,0
3,17,17,0,0
1,17,18,86,58371
2,17,18,86,58371
3,17,18,80,47239
1,17,19,46,31409
2,17,19,46,31409
3,17,19,43,25419
1,17,20,123,83581
2,17,20,123,83581
3,17,20,115,67642
1,17,21,125,84848
2,17,21,125,84848
3,17,21,116,68667
1,17,22,20,13561
2,17,22,20,13561
3,17,22,19,10975
1,17,23,18,12375
2,17,23,18,12375
3,17,23,17,10015
1,17,24,20,13561
2,17,24,20,13561
3,17,24,19,10975
1,17,25,126,85446
2,17,25,126,85446
3,17,25,117,69151
1,17,26,55,37024
2,17,26,55,37024
3,17,26,51,29963
1,17,27,9,5792
2,17,27,9,5792
3,17,27,8,4687
1,17,28,72,48965
2,17,28,72,48965
3,17,28,67,39627
1,17,29,173,117129
2,17,29,173,117129
3,17,29,161,94792
1,17,30,98,66313
2,17,30,98,66313
3,17,30,91,53667
1,17,31,107,72678
2,17,31,107,72678
3,17,31,100,58818
1,17,32,35,24066
2,17,32,35,24066
3,17,32,33,19477
1,17,33,141,95787
2,17,33,141,95787
3,17,33,131,77520
1,17,34,208,141262
2,17,34,208,141262
3,17,34,194,114323
1,17,35,247,167412
2,17,35,247,167412
3,17,35,230,135486
1,17,36,205,139273
2,17,36,205,139273
3,17,36,191,112713
1,17,37,264,179474
2,17,37,264,179474
3,17,37,246,145248
1,17,38,259,175552
2,17,38,259,175552
3,17,38,241,142073
1,17,39,207,140227
2,17,39,207,140227
3,17,39,192,113485
1,18,1,67,45672
2,18,1,67,45672
3,18,1,63,36963
1,18,2,122,82897
2,18,2,122,82897
3,18,2,114,67088
1,18,3,73,49630
2,18,3,73,49630
3,18,3,68,40165
1,18,4,185,125238
2,18,4,185,125238
3,18,4,172,101355
1,18,5,81,54760
2,18,5,81,54760
3,18,5,75,44318
1,18,6,77,52320
2,18,6,77,52320
3,18,6,72,42342
1,18,7,75,50770
2,18,7,75,50770
3,18,7,70,41088
1,18,8,69,46703
2,18,8,69,46703
3,18,8,64,37797
1,18,9,106,71742
2,18,9,106,71742
3,18,9,98,58060
1,18,10,167,113212
2,18,10,167,113212
3,18,10,155,91622
1,18,11,160,108889
2,18,11,160,108889
3,18,11,149,88124
1,18,12,114,77618
2,18,12,114,77618
3,18,12,106,62816
1,18,13,110,74390
2,18,13,110,74390
3,18,13,102,60204
1,18,14,76,51789
2,18,14,76,51789
3,18,14,71,41913
1,18,15,63,42781
2,18,15,63,42781
3,18,15,59,34622
1,18,16,75,50833
2,18,16,75,50833
3,18,16,70,41139
1,18,17,86,58371
2,18,17,86,58371
3,18,17,80,47239
1,18,18,0,0
2,18,18,0,0
3,18,18,0,0
1,18,19,41,28043
2,18,19,41,28043
3,18,19,38,22695
1,18,20,146,99084
2,18,20,146,99084
3,18,20,136,80188
1,18,21,148,100351
2,18,21,148,100351
3,18,21,138,81214
1,18,22,74,50222
2,18,22,74,50222
3,18,22,69,40645
1,18,23,72,49035
2,18,23,72,49035
3,18,23,67,39684
1,18,24,74,50222
2,18,24,74,50222
3,18,24,69,40645
1,18,25,149,100948
2,18,25,149,100948
3,18,25,138,81697
1,18,26,77,52215
2,18,26,77,52215
3,18,26,72,42257
1,18,27,91,61539
2,18,27,91,61539
3,18,27,84,49803
1,18,28,96,64883
2,18,28,96,64883
3,18,28,89,52510
1,18,29,194,131467
2,18,29,194,131467
3,18,29,180,106396
1,18,30,121,82232
2,18,30,121,82232
3,18,30,113,66550
1,18,31,130,88180
2,18,31,130,88180
3,18,31,121,71364
1,18,32,67,45410
2,18,32,67,45410
3,18,32,62,36750
1,18,33,164,111289
2,18,33,164,111289
3,18,33,153,90066
1,18,34,231,156764
2,18,34,231,156764
3,18,34,215,126869
1,18,35,269,182914
2,18,35,269,182914
3,18,35,251,148032
1,18,36,228,154775
2,18,36,228,154775
3,18,36,212,125259
1,18,37,287,194976
2,18,37,287,194976
3,18,37,267,157794
1,18,38,281,191054
2,18,38,281,191054
3,18,38,262,154619
1,18,39,229,155729
2,18,39,229,155729
3,18,39,214,126031
1,19,1,28,18710
2,19,1,28,18710
3,19,1,26,15142
1,19,2,83,56587
2,19,2,83,56587
3,19,2,78,45796
1,19,3,34,22923
2,19,3,34,22923
3,19,3,31,18551
1,19,4,146,99344
2,19,4,146,99344
3,19,4,136,80399
1,19,5,54,36614
2,19,5,54,36614
3,19,5,50,29632
1,19,6,38,25689
2,19,6,38,25689
3,19,6,35,20790
1,19,7,36,24164
2,19,7,36,24164
3,19,7,33,19556
1,19,8,29,19741
2,19,8,29,19741
3,19,8,27,15976
1,19,9,66,44779
2,19,9,66,44779
3,19,9,61,36240
1,19,10,129,87318
2,19,10,129,87318
3,19,10,120,70666
1,19,11,122,82995
2,19,11,122,82995
3,19,11,114,67168
1,19,12,76,51309
2,19,12,76,51309
3,19,12,70,41524
1,19,13,71,48081
2,19,13,71,48081
3,19,13,66,38911
1,19,14,37,25311
2,19,14,37,25311
3,19,14,35,20484
1,19,15,26,17936
2,19,15,26,17936
3,19,15,25,14515
1,19,16,36,24202
2,19,16,36,24202
3,19,16,33,19587
1,19,17,46,31409
2,19,17,46,31409
3,19,17,43,25419
1,19,18,41,28043
2,19,18,41,28043
3,19,18,38,22695
1,19,19,0,0
2,19,19,0,0
3,19,19,0,0
1,19,20,108,73190
2,19,20,108,73190
3,19,20,100,59232
1,19,21,110,74457
2,19,21,110,74457
3,19,21,102,60258
1,19,22,34,23260
2,19,22,34,23260
3,19,22,32,18824
1,19,23,33,22073
2,19,23,33,22073
3,19,23,30,17864
1,19,24,34,23260
2,19,24,34,23260
3,19,24,32,18824
1,19,25,111,75055
2,19,25,111,75055
3,19,25,103,60741
1,19,26,38,25942
2,19,26,38,25942
3,19,26,36,20995
1,19,27,51,34577
2,19,27,51,34577
3,19,27,47,27983
1,19,28,57,38573
2,19,28,57,38573
3,19,28,53,31217
1,19,29,157,106737
2,19,29,157,106737
3,19,29,146,86382
1,19,30,82,55922
2,19,30,82,55922
3,19,30,77,45257
1,19,31,92,62286
2,19,31,92,62286
3,19,31,85,50408
1,19,32,27,18452
2,19,32,27,18452
3,19,32,25,14933
1,19,33,126,85395
2,19,33,126,85395
3,19,33,117,69110
1,19,34,193,130870
2,19,34,193,130870
3,19,34,180,105913
1,19,35,231,157020
2,19,35,231,157020
3,19,35,215,127076
1,19,36,190,128881
2,19,36,190,128881
3,19,36,177,104303
1,19,37,249,169082
2,19,37,249,169082
3,19,37,232,136838
1,19,38,243,165160
2,19,38,243,165160
3,19,38,227,133664
1,19,39,191,129835
2,19,39,191,129835
3,19,39,178,105076
1,20,1,95,64634
2,20,1,95,64634
3,20,1,89,52308
1,20,2,43,29053
2,20,2,43,29053
3,20,2,40,23512
1,20,3,80,54147
2,20,3,80,54147
3,20,3,74,43821
1,20,4,40,27333
2,20,4,40,27333
3,20,4,37,22120
1,20,5,73,49733
2,20,5,73,49733
3,20,5,68,40249
1,20,6,79,53355
2,20,6,79,53355
3,20,6,73,43180
1,20,7,75,50913
2,20,7,75,50913
3,20,7,70,41204
1,20,8,98,66661
2,20,8,98,66661
3,20,8,91,53948
1,20,9,143,97180
2,20,9,143,97180
3,20,9,133,78647
1,20,10,23,15306
2,20,10,23,15306
3,20,10,21,12387
1,20,11,16,10984
2,20,11,16,10984
3,20,11,15,8889
1,20,12,50,33929
2,20,12,50,33929
3,20,12,47,27458
1,20,13,50,34014
2,20,13,50,34014
3,20,13,47,27528
1,20,14,72,49099
2,20,14,72,49099
3,20,14,67,39736
1,20,15,90,61075
2,20,15,90,61075
3,20,15,84,49428
1,20,16,76,51868
2,20,16,76,51868
3,20,16,71,41977
1,20,17,123,83581
2,20,17,123,83581
3,20,17,115,67642
1,20,18,146,99084
2,20,18,146,99084
3,20,18,136,80188
1,20,19,108,73190
2,20,19,108,73190
3,20,19,100,59232
1,20,20,0,0
2,20,20,0,0
3,20,20,0,0
1,20,21,4,2385
2,20,21,4,2385
3,20,21,3,1930
1,20,22,112,75683
2,20,22,112,75683
3,20,22,104,61250
1,20,23,110,74496
2,20,23,110,74496
3,20,23,102,60290
1,20,24,112,75683
2,20,24,112,75683
3,20,24,104,61250
1,20,25,4,2983
2,20,25,4,2983
3,20,25,4,2414
1,20,26,75,50737
2,20,26,75,50737
3,20,26,70,41061
1,20,27,128,86813
2,20,27,128,86813
3,20,27,119,70258
1,20,28,55,37208
2,20,28,55,37208
3,20,28,51,30112
1,20,29,53,35807
2,20,29,53,35807
3,20,29,49,28978
1,20,30,40,27036
2,20,30,40,27036
3,20,30,37,21880
1,20,31,18,12432
2,20,31,18,12432
3,20,31,17,10061
1,20,32,90,61400
2,20,32,90,61400
3,20,32,84,49691
1,20,33,20,13384
2,20,33,20,13384
3,20,33,18,10831
1,20,34,87,58859
2,20,34,87,58859
3,20,34,81,47634
1,20,35,125,85009
2,20,35,125,85009
3,20,35,117,68797
1,20,36,84,56870
2,20,36,84,56870
3,20,36,78,46025
1,20,37,143,97071
2,20,37,143,97071
3,20,37,133,78559
1,20,38,137,93149
2,20,38,137,93149
3,20,38,128,75385
1,20,39,85,57824
2,20,39,85,57824
3,20,39,79,46797
1,21,1,97,65901
2,21,1,97,65901
3,21,1,90,53333
1,21,2,45,30320
2,21,2,45,30320
3,21,2,42,24538
1,21,3,82,55414
2,21,3,82,55414
3,21,3,76,44847
1,21,4,39,26406
2,21,4,39,26406
3,21,4,36,21370
1,21,5,75,51000
2,21,5,75,51000
3,21,5,70,41274
1,21,6,80,54622
2,21,6,80,54622
3,21,6,75,44206
1,21,7,77,52180
2,21,7,77,52180
3,21,7,72,42229
1,21,8,100,67928
2,21,8,100,67928
3,21,8,93,54974
1,21,9,145,98447
2,21,9,145,98447
3,21,9,135,79673
1,21,10,21,14380
2,21,10,21,14380
3,21,10,20,11637
1,21,11,15,10057
2,21,11,15,10057
3,21,11,14,8139
1,21,12,52,35196
2,21,12,52,35196
3,21,12,48,28484
1,21,13,52,35281
2,21,13,52,35281
3,21,13,48,28553
1,21,14,74,50366
2,21,14,74,50366
3,21,14,69,40761
1,21,15,92,62342
2,21,15,92,62342
3,21,15,86,50453
1,21,16,78,53135
2,21,16,78,53135
3,21,16,73,43002
1,21,17,125,84848
2,21,17,125,84848
3,21,17,116,68667
1,21,18,148,100351
2,21,18,148,100351
3,21,18,138,81214
1,21,19,110,74457
2,21,19,110,74457
3,21,19,102,60258
1,21,20,4,2385
2,21,20,4,2385
3,21,20,3,1930
1,21,21,0,0
2,21,21,0,0
3,21,21,0,0
1,21,22,113,76950
2,21,22,113,76950
3,21,22,106,62275
1,21,23,112,75763
2,21,23,112,75763
3,21,23,104,61315
1,21,24,113,76950
2,21,24,113,76950
3,21,24,106,62275
1,21,25,3,1736
2,21,25,3,1736
3,21,25,2,1405
1,21,26,77,52004
2,21,26,77,52004
3,21,26,71,42087
1,21,27,130,88080
2,21,27,130,88080
3,21,27,121,71283
1,21,28,57,38475
2,21,28,57,38475
3,21,28,53,31138
1,21,29,52,35526
2,21,29,52,35526
3,21,29,49,28751
1,21,30,42,28303
2,21,30,42,28303
3,21,30,39,22905
1,21,31,20,13699
2,21,31,20,13699
3,21,31,19,11086
1,21,32,92,62667
2,21,32,92,62667
3,21,32,86,50716
1,21,33,18,12457
2,21,33,18,12457
3,21,33,17,10081
1,21,34,85,57932
2,21,34,85,57932
3,21,34,79,46884
1,21,35,124,84082
2,21,35,124,84082
3,21,35,115,68047
1,21,36,82,55943
2,21,36,82,55943
3,21,36,77,45275
1,21,37,142,96144
2,21,37,142,96144
3,21,37,132,77809
1,21,38,136,92222
2,21,38,136,92222
3,21,38,127,74635
1,21,39,84,56897
2,21,39,84,56897
3,21,39,78,46047
1,22,1,21,14128
2,22,1,21,14128
3,22,1,19,11434
1,22,2,87,59080
2,22,2,87,59080
3,22,2,81,47813
1,22,3,35,23980
2,22,3,35,23980
3,22,3,33,19407
1,22,4,150,101837
2,22,4,150,101837
3,22,4,140,82417
1,22,5,83,56049
2,22,5,83,56049
3,22,5,77,45361
1,22,6,40,26961
2,22,6,40,26961
3,22,6,37,21819
1,22,7,38,25494
2,22,7,38,25494
3,22,7,35,20632
1,22,8,19,12955
2,22,8,19,12955
3,22,8,18,10485
1,22,9,39,26506
2,22,9,39,26506
3,22,9,36,21451
1,22,10,132,89811
2,22,10,132,89811
3,22,10,123,72684
1,22,11,126,85489
2,22,11,126,85489
3,22,11,117,69186
1,22,12,79,53802
2,22,12,79,53802
3,22,12,74,43542
1,22,13,75,50574
2,22,13,75,50574
3,22,13,69,40929
1,22,14,40,27084
2,22,14,40,27084
3,22,14,37,21919
1,22,15,44,29687
2,22,15,44,29687
3,22,15,41,24026
1,22,16,38,25474
2,22,16,38,25474
3,22,16,35,20616
1,22,17,20,13561
2,22,17,20,13561
3,22,17,19,10975
1,22,18,74,50222
2,22,18,74,50222
3,22,18,69,40645
1,22,19,34,23260
2,22,19,34,23260
3,22,19,32,18824
1,22,20,112,75683
2,22,20,112,75683
3,22,20,104,61250
1,22,21,113,76950
2,22,21,113,76950
3,22,21,106,62275
1,22,22,0,0
2,22,22,0,0
3,22,22,0,0
1,22,23,2,1403
2,22,23,2,1403
3,22,23,2,1135
1,22,24,0,0
2,22,24,0,0
3,22,24,0,0
1,22,25,114,77548
2,22,25,114,77548
3,22,25,106,62759
1,22,26,43,29125
2,22,26,43,29125
3,22,26,40,23571
1,22,27,24,16404
2,22,27,24,16404
3,22,27,23,13275
1,22,28,61,41066
2,22,28,61,41066
3,22,28,56,33235
1,22,29,161,109231
2,22,29,161,109231
3,22,29,150,88400
1,22,30,86,58415
2,22,30,86,58415
3,22,30,80,47275
1,22,31,95,64779
2,22,31,95,64779
3,22,31,89,52426
1,22,32,24,16168
2,22,32,24,16168
3,22,32,22,13085
1,22,33,129,87888
2,22,33,129,87888
3,22,33,121,71128
1,22,34,196,133363
2,22,34,196,133363
3,22,34,183,107931
1,22,35,235,159513
2,22,35,235,159513
3,22,35,219,129094
1,22,36,194,131375
2,22,36,194,131375
3,22,36,180,106321
1,22,37,253,171576
2,22,37,253,171576
3,22,37,235,138856
1,22,38,247,167654
2,22,38,247,167654
3,22,38,230,135681
1,22,39,195,132329
2,22,39,195,132329
3,22,39,182,107093
1,23,1,19,12941
2,23,1,19,12941
3,23,1,18,10473
1,23,2,85,57893
2,23,2,85,57893
3,23,2,79,46853
1,23,3,34,22793
2,23,3,34,22793
3,23,3,31,18446
1,23,4,148,100651
2,23,4,148,100651
3,23,4,138,81456
1,23,5,81,54863
2,23,5,81,54863
3,23,5,75,44400
1,23,6,38,25774
2,23,6,38,25774
3,23,6,35,20859
1,23,7,36,24308
2,23,7,36,24308
3,23,7,33,19672
1,23,8,17,11769
2,23,8,17,11769
3,23,8,16,9524
1,23,9,37,25319
2,23,9,37,25319
3,23,9,35,20491
1,23,10,131,88624
2,23,10,131,88624
3,23,10,122,71723
1,23,11,124,84302
2,23,11,124,84302
3,23,11,116,68225
1,23,12,78,52615
2,23,12,78,52615
3,23,12,72,42581
1,23,13,73,49387
2,23,13,73,49387
3,23,13,68,39969
1,23,14,38,25897
2,23,14,38,25897
3,23,14,36,20959
1,23,15,42,28501
2,23,15,42,28501
3,23,15,39,23065
1,23,16,36,24287
2,23,16,36,24287
3,23,16,33,19655
1,23,17,18,12375
2,23,17,18,12375
3,23,17,17,10015
1,23,18,72,49035
2,23,18,72,49035
3,23,18,67,39684
1,23,19,33,22073
2,23,19,33,22073
3,23,19,30,17864
1,23,20,110,74496
2,23,20,110,74496
3,23,20,102,60290
1,23,21,112,75763
2,23,21,112,75763
3,23,21,104,61315
1,23,22,2,1403
2,23,22,2,1403
3,23,22,2,1135
1,23,23,0,0
2,23,23,0,0
3,23,23,0,0
1,23,24,2,1403
2,23,24,2,1403
3,23,24,2,1135
1,23,25,113,76361
2,23,25,113,76361
3,23,25,105,61799
1,23,26,41,27938
2,23,26,41,27938
3,23,26,38,22611
1,23,27,22,15217
2,23,27,22,15217
3,23,27,21,12315
1,23,28,59,39880
2,23,28,59,39880
3,23,28,55,32274
1,23,29,159,108044
2,23,29,159,108044
3,23,29,148,87440
1,23,30,84,57228
2,23,30,84,57228
3,23,30,78,46315
1,23,31,94,63593
2,23,31,94,63593
3,23,31,87,51465
1,23,32,22,14981
2,23,32,22,14981
3,23,32,21,12124
1,23,33,128,86702
2,23,33,128,86702
3,23,33,119,70167
1,23,34,195,132177
2,23,34,195,132177
3,23,34,181,106970
1,23,35,233,158327
2,23,35,233,158327
3,23,35,217,128133
1,23,36,192,130188
2,23,36,192,130188
3,23,36,179,105361
1,23,37,251,170389
2,23,37,251,170389
3,23,37,234,137895
1,23,38,245,166467
2,23,38,245,166467
3,23,38,228,134721
1,23,39,193,131142
2,23,39,193,131142
3,23,39,180,106133
1,24,1,21,14128
2,24,1,21,14128
3,24,1,19,11434
1,24,2,87,59080
2,24,2,87,59080
3,24,2,81,47813
1,24,3,35,23980
2,24,3,35,23980
3,24,3,33,19407
1,24,4,150,101837
2,24,4,150,101837
3,24,4,140,82417
1,24,5,83,56049
2,24,5,83,56049
3,24,5,77,45361
1,24,6,40,26961
2,24,6,40,26961
3,24,6,37,21819
1,24,7,38,25494
2,24,7,38,25494
3,24,7,35,20632
1,24,8,19,12955
2,24,8,19,12955
3,24,8,18,10485
1,24,9,39,26506
2,24,9,39,26506
3,24,9,36,21451
1,24,10,132,89811
2,24,10,132,89811
3,24,10,123,72684
1,24,11,126,85489
2,24,11,126,85489
3,24,11,117,69186
1,24,12,79,53802
2,24,12,79,53802
3,24,12,74,43542
1,24,13,75,50574
2,24,13,75,50574
3,24,13,69,40929
1,24,14,40,27084
2,24,14,40,27084
3,24,14,37,21919
1,24,15,44,29687
2,24,15,44,29687
3,24,15,41,24026
1,24,16,38,25474
2,24,16,38,25474
3,24,16,35,20616
1,24,17,20,13561
2,24,17,20,13561
3,24,17,19,10975
1,24,18,74,50222
2,24,18,74,50222
3,24,18,69,40645
1,24,19,34,23260
2,24,19,34,23260
3,24,19,32,18824
1,24,20,112,75683
2,24,20,112,75683
3,24,20,104,61250
1,24,21,113,76950
2,24,21,113,76950
3,24,21,106,62275
1,24,22,0,0
2,24,22,0,0
3,24,22,0,0
1,24,23,2,1403
2,24,23,2,1403
3,24,23,2,1135
1,24,24,0,0
2,24,24,0,0
3,24,24,0,0
1,24,25,114,77548
2,24,25,114,77548
3,24,25,106,62759
1,24,26,43,29125
2,24,26,43,29125
3,24,26,40,23571
1,24,27,24,16404
2,24,27,24,16404
3,24,27,23,13275
1,24,28,61,41066
2,24,28,61,41066
3,24,28,56,33235
1,24,29,161,109231
2,24,29,161,109231
3,24,29,150,88400
1,24,30,86,58415
2,24,30,86,58415
3,24,30,80,47275
1,24,31,95,64779
2,24,31,95,64779
3,24,31,89,52426
1,24,32,24,16168
2,24,32,24,16168
3,24,32,22,13085
1,24,33,129,87888
2,24,33,129,87888
3,24,33,121,71128
1,24,34,196,133363
2,24,34,196,133363
3,24,34,183,107931
1,24,35,235,159513
2,24,35,235,159513
3,24,35,219,129094
1,24,36,194,131375
2,24,36,194,131375
3,24,36,180,106321
1,24,37,253,171576
2,24,37,253,171576
3,24,37,235,138856
1,24,38,247,167654
2,24,38,247,167654
3,24,38,230,135681
1,24,39,195,132329
2,24,39,195,132329
3,24,39,182,107093
1,25,1,98,66498
2,25,1,98,66498
3,25,1,91,53817
1,25,2,46,30917
2,25,2,46,30917
3,25,2,42,25021
1,25,3,83,56012
2,25,3,83,56012
3,25,3,77,45331
1,25,4,36,24705
2,25,4,36,24705
3,25,4,34,19994
1,25,5,76,51598
2,25,5,76,51598
3,25,5,71,41758
1,25,6,81,55220
2,25,6,81,55220
3,25,6,76,44689
1,25,7,78,52778
2,25,7,78,52778
3,25,7,72,42713
1,25,8,101,68526
2,25,8,101,68526
3,25,8,94,55458
1,25,9,146,99045
2,25,9,146,99045
3,25,9,136,80157
1,25,10,19,12679
2,25,10,19,12679
3,25,10,17,10261
1,25,11,12,8357
2,25,11,12,8357
3,25,11,11,6763
1,25,12,53,35794
2,25,12,53,35794
3,25,12,49,28968
1,25,13,53,35879
2,25,13,53,35879
3,25,13,49,29037
1,25,14,75,50964
2,25,14,75,50964
3,25,14,70,41245
1,25,15,93,62940
2,25,15,93,62940
3,25,15,86,50937
1,25,16,79,53733
2,25,16,79,53733
3,25,16,74,43486
1,25,17,126,85446
2,25,17,126,85446
3,25,17,117,69151
1,25,18,149,100948
2,25,18,149,100948
3,25,18,138,81697
1,25,19,111,75055
2,25,19,111,75055
3,25,19,103,60741
1,25,20,4,2983
2,25,20,4,2983
3,25,20,4,2414
1,25,21,3,1736
2,25,21,3,1736
3,25,21,2,1405
1,25,22,114,77548
2,25,22,114,77548
3,25,22,106,62759
1,25,23,113,76361
2,25,23,113,76361
3,25,23,105,61799
1,25,24,114,77548
2,25,24,114,77548
3,25,24,106,62759
1,25,25,0,0
2,25,25,0,0
3,25,25,0,0
1,25,26,77,52602
2,25,26,77,52602
3,25,26,72,42570
1,25,27,131,88678
2,25,27,131,88678
3,25,27,122,71767
1,25,28,58,39073
2,25,28,58,39073
3,25,28,54,31622
1,25,29,50,34044
2,25,29,50,34044
3,25,29,47,27552
1,25,30,43,28901
2,25,30,43,28901
3,25,30,40,23389
1,25,31,21,14297
2,25,31,21,14297
3,25,31,20,11570
1,25,32,93,63265
2,25,32,93,63265
3,25,32,87,51200
1,25,33,16,10756
2,25,33,16,10756
3,25,33,15,8705
1,25,34,83,56231
2,25,34,83,56231
3,25,34,77,45508
1,25,35,121,82381
2,25,35,121,82381
3,25,35,113,66671
1,25,36,80,54243
2,25,36,80,54243
3,25,36,74,43898
1,25,37,139,94444
2,25,37,139,94444
3,25,37,130,76433
1,25,38,133,90521
2,25,38,133,90521
3,25,38,124,73259
1,25,39,81,55197
2,25,39,81,55197
3,25,39,76,44671
1,26,1,27,18076
2,26,1,27,18076
3,26,1,25,14629
1,26,2,50,34134
2,26,2,50,34134
3,26,2,47,27624
1,26,3,12,8073
2,26,3,12,8073
3,26,3,11,6533
1,26,4,113,76891
2,26,4,113,76891
3,26,4,105,62228
1,26,5,46,31103
2,26,5,46,31103
3,26,5,43,25172
1,26,6,11,7783
2,26,6,11,7783
3,26,6,11,6299
1,26,7,8,5417
2,26,7,8,5417
3,26,7,7,4384
1,26,8,30,20103
2,26,8,30,20103
3,26,8,28,16269
1,26,9,75,50622
2,26,9,75,50622
3,26,9,69,40968
1,26,10,96,64865
2,26,10,96,64865
3,26,10,89,52495
1,26,11,89,60542
2,26,11,89,60542
3,26,11,83,48997
1,26,12,43,28855
2,26,12,43,28855
3,26,12,40,23353
1,26,13,38,25628
2,26,13,38,25628
3,26,13,35,20740
1,26,14,6,4173
2,26,14,6,4173
3,26,14,6,3377
1,26,15,20,13790
2,26,15,20,13790
3,26,15,19,11160
1,26,16,9,6296
2,26,16,9,6296
3,26,16,9,5096
1,26,17,55,37024
2,26,17,55,37024
3,26,17,51,29963
1,26,18,77,52215
2,26,18,77,52215
3,26,18,72,42257
1,26,19,38,25942
2,26,19,38,25942
3,26,19,36,20995
1,26,20,75,50737
2,26,20,75,50737
3,26,20,70,41061
1,26,21,77,52004
2,26,21,77,52004
3,26,21,71,42087
1,26,22,43,29125
2,26,22,43,29125
3,26,22,40,23571
1,26,23,41,27938
2,26,23,41,27938
3,26,23,38,22611
1,26,24,43,29125
2,26,24,43,29125
3,26,24,40,23571
1,26,25,77,52602
2,26,25,77,52602
3,26,25,72,42570
1,26,26,0,0
2,26,26,0,0
3,26,26,0,0
1,26,27,59,40255
2,26,27,59,40255
3,26,27,55,32578
1,26,28,24,16120
2,26,28,24,16120
3,26,28,22,13046
1,26,29,124,84284
2,26,29,124,84284
3,26,29,116,68211
1,26,30,49,33469
2,26,30,49,33469
3,26,30,46,27086
1,26,31,59,39833
2,26,31,59,39833
3,26,31,55,32237
1,26,32,22,14842
2,26,32,22,14842
3,26,32,20,12012
1,26,33,93,62942
2,26,33,93,62942
3,26,33,86,50939
1,26,34,160,108417
2,26,34,160,108417
3,26,34,149,87742
1,26,35,198,134567
2,26,35,198,134567
3,26,35,185,108905
1,26,36,157,106428
2,26,36,157,106428
3,26,36,146,86132
1,26,37,216,146629
2,26,37,216,146629
3,26,37,201,118667
1,26,38,210,142707
2,26,38,210,142707
3,26,38,196,115493
1,26,39,158,107382
2,26,39,158,107382
3,26,39,147,86904
1,27,1,37,25258
2,27,1,37,25258
3,27,1,35,20441
1,27,2,103,70210
2,27,2,103,70210
3,27,2,96,56821
1,27,3,52,35109
2,27,3,52,35109
3,27,3,48,28414
1,27,4,166,112967
2,27,4,166,112967
3,27,4,155,91424
1,27,5,99,67179
2,27,5,99,67179
3,27,5,92,54368
1,27,6,56,38091
2,27,6,56,38091
3,27,6,52,30827
1,27,7,54,36624
2,27,7,54,36624
3,27,7,50,29640
1,27,8,35,24085
2,27,8,35,24085
3,27,8,33,19492
1,27,9,22,14596
2,27,9,22,14596
3,27,9,20,11812
1,27,10,149,100941
2,27,10,149,100941
3,27,10,138,81691
1,27,11,142,96619
2,27,11,142,96619
3,27,11,133,78193
1,27,12,96,64932
2,27,12,96,64932
3,27,12,89,52549
1,27,13,91,61704
2,27,13,91,61704
3,27,13,85,49937
1,27,14,56,38214
2,27,14,56,38214
3,27,14,52,30926
1,27,15,60,40817
2,27,15,60,40817
3,27,15,56,33033
1,27,16,54,36603
2,27,16,54,36603
3,27,16,50,29623
1,27,17,9,5792
2,27,17,9,5792
3,27,17,8,4687
1,27,18,91,61539
2,27,18,91,61539
3,27,18,84,49803
1,27,19,51,34577
2,27,19,51,34577
3,27,19,47,27983
1,27,20,128,86813
2,27,20,128,86813
3,27,20,119,70258
1,27,21,130,88080
2,27,21,130,88080
3,27,21,121,71283
1,27,22,24,16404
2,27,22,24,16404
3,27,22,23,13275
1,27,23,22,15217
2,27,23,22,15217
3,27,23,21,12315
1,27,24,24,16404
2,27,24,24,16404
3,27,24,23,13275
1,27,25,131,88678
2,27,25,131,88678
3,27,25,122,71767
1,27,26,59,40255
2,27,26,59,40255
3,27,26,55,32578
1,27,27,0,0
2,27,27,0,0
3,27,27,0,0
1,27,28,77,52196
2,27,28,77,52196
3,27,28,72,42242
1,27,29,177,120360
2,27,29,177,120360
3,27,29,165,97407
1,27,30,102,69545
2,27,30,102,69545
3,27,30,95,56283
1,27,31,112,75909
2,27,31,112,75909
3,27,31,104,61433
1,27,32,40,27298
2,27,32,40,27298
3,27,32,37,22092
1,27,33,146,99018
2,27,33,146,99018
3,27,33,136,80135
1,27,34,213,144493
2,27,34,213,144493
3,27,34,198,116938
1,27,35,251,170643
2,27,35,251,170643
3,27,35,234,138101
1,27,36,210,142505
2,27,36,210,142505
3,27,36,195,115329
1,27,37,269,182706
2,27,37,269,182706
3,27,37,251,147863
1,27,38,263,178783
2,27,38,263,178783
3,27,38,245,144689
1,27,39,211,143459
2,27,39,211,143459
3,27,39,197,116101
1,28,1,44,30017
2,28,1,44,30017
3,28,1,41,24293
1,28,2,31,21154
2,28,2,31,21154
3,28,2,29,17120
1,28,3,29,19531
2,28,3,29,19531
3,28,3,27,15806
1,28,4,93,63362
2,28,4,93,63362
3,28,4,87,51279
1,28,5,23,15308
2,28,5,23,15308
3,28,5,21,12388
1,28,6,28,18783
2,28,6,28,18783
3,28,6,26,15201
1,28,7,24,16343
2,28,7,24,16343
3,28,7,22,13226
1,28,8,47,32044
2,28,8,47,32044
3,28,8,44,25933
1,28,9,92,62563
2,28,9,92,62563
3,28,9,86,50632
1,28,10,76,51336
2,28,10,76,51336
3,28,10,70,41546
1,28,11,69,47013
2,28,11,69,47013
3,28,11,64,38048
1,28,12,23,15875
2,28,12,23,15875
3,28,12,22,12848
1,28,13,19,12648
2,28,13,19,12648
3,28,13,17,10236
1,28,14,21,14549
2,28,14,21,14549
3,28,14,20,11774
1,28,15,39,26459
2,28,15,39,26459
3,28,15,36,21413
1,28,16,25,17295
2,28,16,25,17295
3,28,16,24,13997
1,28,17,72,48965
2,28,17,72,48965
3,28,17,67,39627
1,28,18,96,64883
2,28,18,96,64883
3,28,18,89,52510
1,28,19,57,38573
2,28,19,57,38573
3,28,19,53,31217
1,28,20,55,37208
2,28,20,55,37208
3,28,20,51,30112
1,28,21,57,38475
2,28,21,57,38475
3,28,21,53,31138
1,28,22,61,41066
2,28,22,61,41066
3,28,22,56,33235
1,28,23,59,39880
2,28,23,59,39880
3,28,23,55,32274
1,28,24,61,41066
2,28,24,61,41066
3,28,24,56,33235
1,28,25,58,39073
2,28,25,58,39073
3,28,25,54,31622
1,28,26,24,16120
2,28,26,24,16120
3,28,26,22,13046
1,28,27,77,52196
2,28,27,77,52196
3,28,27,72,42242
1,28,28,0,0
2,28,28,0,0
3,28,28,0,0
1,28,29,104,70756
2,28,29,104,70756
3,28,29,97,57262
1,28,30,30,20489
2,28,30,30,20489
3,28,30,28,16581
1,28,31,39,26304
2,28,31,39,26304
3,28,31,36,21288
1,28,32,39,26783
2,28,32,39,26783
3,28,32,37,21676
1,28,33,73,49413
2,28,33,73,49413
3,28,33,68,39990
1,28,34,140,94888
2,28,34,140,94888
3,28,34,130,76793
1,28,35,178,121038
2,28,35,178,121038
3,28,35,166,97956
1,28,36,137,92900
2,28,36,137,92900
3,28,36,127,75183
1,28,37,196,133100
2,28,37,196,133100
3,28,37,183,107718
1,28,38,190,129178
2,28,38,190,129178
3,28,38,177,104544
1,28,39,138,93854
2,28,39,138,93854
3,28,39,129,75955
1,29,1,145,98181
2,29,1,145,98181
3,29,1,135,79458
1,29,2,92,62600
2,29,2,92,62600
3,29,2,86,50662
1,29,3,129,87695
2,29,3,129,87695
3,29,3,120,70971
1,29,4,70,47332
2,29,4,70,47332
3,29,4,65,38305
1,29,5,123,83210
2,29,5,123,83210
3,29,5,114,67342
1,29,6,128,86903
2,29,6,128,86903
3,29,6,119,70330
1,29,7,124,84461
2,29,7,124,84461
3,29,7,116,68354
1,29,8,148,100208
2,29,8,148,100208
3,29,8,137,81098
1,29,9,193,130727
2,29,9,193,130727
3,29,9,179,105797
1,29,10,52,35339
2,29,10,52,35339
3,29,10,48,28600
1,29,11,51,34944
2,29,11,51,34944
3,29,11,48,28280
1,29,12,99,67476
2,29,12,99,67476
3,29,12,93,54608
1,29,13,100,67562
2,29,13,100,67562
3,29,13,93,54677
1,29,14,122,82647
2,29,14,122,82647
3,29,14,113,66886
1,29,15,139,94623
2,29,15,139,94623
3,29,15,130,76578
1,29,16,126,85416
2,29,16,126,85416
3,29,16,117,69127
1,29,17,173,117129
2,29,17,173,117129
3,29,17,161,94792
1,29,18,194,131467
2,29,18,194,131467
3,29,18,180,106396
1,29,19,157,106737
2,29,19,157,106737
3,29,19,146,86382
1,29,20,53,35807
2,29,20,53,35807
3,29,20,49,28978
1,29,21,52,35526
2,29,21,52,35526
3,29,21,49,28751
1,29,22,161,109231
2,29,22,161,109231
3,29,22,150,88400
1,29,23,159,108044
2,29,23,159,108044
3,29,23,148,87440
1,29,24,161,109231
2,29,24,161,109231
3,29,24,150,88400
1,29,25,50,34044
2,29,25,50,34044
3,29,25,47,27552
1,29,26,124,84284
2,29,26,124,84284
3,29,26,116,68211
1,29,27,177,120360
2,29,27,177,120360
3,29,27,165,97407
1,29,28,104,70756
2,29,28,104,70756
3,29,28,97,57262
1,29,29,0,0
2,29,29,0,0
3,29,29,0,0
1,29,30,89,60584
2,29,30,89,60584
3,29,30,83,49030
1,29,31,68,46303
2,29,31,68,46303
3,29,31,64,37473
1,29,32,140,94948
2,29,32,140,94948
3,29,32,130,76841
1,29,33,51,34553
2,29,33,51,34553
3,29,33,47,27963
1,29,34,116,78858
2,29,34,116,78858
3,29,34,108,63819
1,29,35,155,104989
2,29,35,155,104989
3,29,35,144,84968
1,29,36,113,76869
2,29,36,113,76869
3,29,36,105,62210
1,29,37,172,117068
2,29,37,172,117068
3,29,37,161,94743
1,29,38,167,113146
2,29,38,167,113146
3,29,38,155,91568
1,29,39,115,77823
2,29,39,115,77823
3,29,39,107,62982
1,30,1,70,47366
2,30,1,70,47366
3,30,1,65,38333
1,30,2,3,2090
2,30,2,3,2090
3,30,2,3,1691
1,30,3,54,36880
2,30,3,54,36880
3,30,3,51,29846
1,30,4,78,53190
2,30,4,78,53190
3,30,4,73,43047
1,30,5,50,33799
2,30,5,50,33799
3,30,5,46,27354
1,30,6,53,36087
2,30,6,53,36087
3,30,6,50,29205
1,30,7,50,33646
2,30,7,50,33646
3,30,7,46,27229
1,30,8,73,49393
2,30,8,73,49393
3,30,8,68,39973
1,30,9,118,79912
2,30,9,118,79912
3,30,9,110,64673
1,30,10,61,41164
2,30,10,61,41164
3,30,10,56,33314
1,30,11,54,36842
2,30,11,54,36842
3,30,11,51,29816
1,30,12,15,9884
2,30,12,15,9884
3,30,12,14,7999
1,30,13,18,12220
2,30,13,18,12220
3,30,13,17,9890
1,30,14,47,31832
2,30,14,47,31832
3,30,14,44,25761
1,30,15,65,43807
2,30,15,65,43807
3,30,15,60,35453
1,30,16,51,34600
2,30,16,51,34600
3,30,16,47,28002
1,30,17,98,66313
2,30,17,98,66313
3,30,17,91,53667
1,30,18,121,82232
2,30,18,121,82232
3,30,18,113,66550
1,30,19,82,55922
2,30,19,82,55922
3,30,19,77,45257
1,30,20,40,27036
2,30,20,40,27036
3,30,20,37,21880
1,30,21,42,28303
2,30,21,42,28303
3,30,21,39,22905
1,30,22,86,58415
2,30,22,86,58415
3,30,22,80,47275
1,30,23,84,57228
2,30,23,84,57228
3,30,23,78,46315
1,30,24,86,58415
2,30,24,86,58415
3,30,24,80,47275
1,30,25,43,28901
2,30,25,43,28901
3,30,25,40,23389
1,30,26,49,33469
2,30,26,49,33469
3,30,26,46,27086
1,30,27,102,69545
2,30,27,102,69545
3,30,27,95,56283
1,30,28,30,20489
2,30,28,30,20489
3,30,28,28,16581
1,30,29,89,60584
2,30,29,89,60584
3,30,29,83,49030
1,30,30,0,0
2,30,30,0,0
3,30,30,0,0
1,30,31,24,16132
2,30,31,24,16132
3,30,31,22,13056
1,30,32,65,44132
2,30,32,65,44132
3,30,32,61,35716
1,30,33,58,39241
2,30,33,58,39241
3,30,33,54,31758
1,30,34,125,84716
2,30,34,125,84716
3,30,34,116,68561
1,30,35,163,110866
2,30,35,163,110866
3,30,35,152,89724
1,30,36,122,82728
2,30,36,122,82728
3,30,36,113,66951
1,30,37,181,122928
2,30,37,181,122928
3,30,37,169,99486
1,30,38,175,119006
2,30,38,175,119006
3,30,38,163,96311
1,30,39,123,83682
2,30,39,123,83682
3,30,39,115,67723
1,31,1,79,53730
2,31,1,79,53730
3,31,1,74,43483
1,31,2,27,18149
2,31,2,27,18149
3,31,2,25,14688
1,31,3,64,43244
2,31,3,64,43244
3,31,3,59,34997
1,31,4,57,38586
2,31,4,57,38586
3,31,4,53,31228
1,31,5,57,38830
2,31,5,57,38830
3,31,5,53,31425
1,31,6,63,42452
2,31,6,63,42452
3,31,6,58,34356
1,31,7,59,40010
2,31,7,59,40010
3,31,7,55,32380
1,31,8,82,55757
2,31,8,82,55757
3,31,8,76,45124
1,31,9,127,86276
2,31,9,127,86276
3,31,9,118,69823
1,31,10,39,26560
2,31,10,39,26560
3,31,10,36,21495
1,31,11,33,22237
2,31,11,33,22237
3,31,11,31,17997
1,31,12,34,23025
2,31,12,34,23025
3,31,12,32,18634
1,31,13,34,23110
2,31,13,34,23110
3,31,13,32,18703
1,31,14,56,38196
2,31,14,56,38196
3,31,14,52,30912
1,31,15,74,50172
2,31,15,74,50172
3,31,15,69,40604
1,31,16,60,40965
2,31,16,60,40965
3,31,16,56,33153
1,31,17,107,72678
2,31,17,107,72678
3,31,17,100,58818
1,31,18,130,88180
2,31,18,130,88180
3,31,18,121,71364
1,31,19,92,62286
2,31,19,92,62286
3,31,19,85,50408
1,31,20,18,12432
2,31,20,18,12432
3,31,20,17,10061
1,31,21,20,13699
2,31,21,20,13699
3,31,21,19,11086
1,31,22,95,64779
2,31,22,95,64779
3,31,22,89,52426
1,31,23,94,63593
2,31,23,94,63593
3,31,23,87,51465
1,31,24,95,64779
2,31,24,95,64779
3,31,24,89,52426
1,31,25,21,14297
2,31,25,21,14297
3,31,25,20,11570
1,31,26,59,39833
2,31,26,59,39833
3,31,26,55,32237
1,31,27,112,75909
2,31,27,112,75909
3,31,27,104,61433
1,31,28,39,26304
2,31,28,39,26304
3,31,28,36,21288
1,31,29,68,46303
2,31,29,68,46303
3,31,29,64,37473
1,31,30,24,16132
2,31,30,24,16132
3,31,30,22,13056
1,31,31,0,0
2,31,31,0,0
3,31,31,0,0
1,31,32,74,50496
2,31,32,74,50496
3,31,32,69,40867
1,31,33,36,24637
2,31,33,36,24637
3,31,33,34,19939
1,31,34,103,70112
2,31,34,103,70112
3,31,34,96,56742
1,31,35,142,96262
2,31,35,142,96262
3,31,35,132,77905
1,31,36,100,68123
2,31,36,100,68123
3,31,36,93,55132
1,31,37,160,108324
2,31,37,160,108324
3,31,37,149,87667
1,31,38,154,104402
2,31,38,154,104402
3,31,38,143,84492
1,31,39,102,69078
2,31,39,102,69078
3,31,39,95,55904
1,32,1,8,5119
2,32,1,8,5119
3,32,1,7,4142
1,32,2,66,44797
2,32,2,66,44797
3,32,2,61,36254
1,32,3,14,9697
2,32,3,14,9697
3,32,3,13,7847
1,32,4,129,87554
2,32,4,129,87554
3,32,4,120,70857
1,32,5,62,41766
2,32,5,62,41766
3,32,5,57,33801
1,32,6,19,12678
2,32,6,19,12678
3,32,6,17,10260
1,32,7,17,11211
2,32,7,17,11211
3,32,7,15,9073
1,32,8,11,7146
2,32,8,11,7146
3,32,8,10,5783
1,32,9,55,37665
2,32,9,55,37665
3,32,9,52,30482
1,32,10,111,75528
2,32,10,111,75528
3,32,10,104,61125
1,32,11,105,71206
2,32,11,105,71206
3,32,11,98,57626
1,32,12,58,39519
2,32,12,58,39519
3,32,12,54,31982
1,32,13,53,36291
2,32,13,53,36291
3,32,13,50,29370
1,32,14,19,12801
2,32,14,19,12801
3,32,14,18,10360
1,32,15,24,16006
2,32,15,24,16006
3,32,15,22,12954
1,32,16,16,11191
2,32,16,16,11191
3,32,16,15,9057
1,32,17,35,24066
2,32,17,35,24066
3,32,17,33,19477
1,32,18,67,45410
2,32,18,67,45410
3,32,18,62,36750
1,32,19,27,18452
2,32,19,27,18452
3,32,19,25,14933
1,32,20,90,61400
2,32,20,90,61400
3,32,20,84,49691
1,32,21,92,62667
2,32,21,92,62667
3,32,21,86,50716
1,32,22,24,16168
2,32,22,24,16168
3,32,22,22,13085
1,32,23,22,14981
2,32,23,22,14981
3,32,23,21,12124
1,32,24,24,16168
2,32,24,24,16168
3,32,24,22,13085
1,32,25,93,63265
2,32,25,93,63265
3,32,25,87,51200
1,32,26,22,14842
2,32,26,22,14842
3,32,26,20,12012
1,32,27,40,27298
2,32,27,40,27298
3,32,27,37,22092
1,32,28,39,26783
2,32,28,39,26783
3,32,28,37,21676
1,32,29,140,94948
2,32,29,140,94948
3,32,29,130,76841
1,32,30,65,44132
2,32,30,65,44132
3,32,30,61,35716
1,32,31,74,50496
2,32,31,74,50496
3,32,31,69,40867
1,32,32,0,0
2,32,32,0,0
3,32,32,0,0
1,32,33,108,73605
2,32,33,108,73605
3,32,33,101,59569
1,32,34,175,119080
2,32,34,175,119080
3,32,34,163,96371
1,32,35,214,145230
2,32,35,214,145230
3,32,35,199,117534
1,32,36,173,117092
2,32,36,173,117092
3,32,36,161,94762
1,32,37,232,157293
2,32,37,232,157293
3,32,37,216,127296
1,32,38,226,153370
2,32,38,226,153370
3,32,38,210,124122
1,32,39,174,118046
2,32,39,174,118046
3,32,39,162,95534
1,33,1,113,76839
2,33,1,113,76839
3,33,1,105,62186
1,33,2,61,41258
2,33,2,61,41258
3,33,2,57,33390
1,33,3,98,66353
2,33,3,98,66353
3,33,3,91,53699
1,33,4,23,15510
2,33,4,23,15510
3,33,4,21,12552
1,33,5,91,61939
2,33,5,91,61939
3,33,5,85,50127
1,33,6,97,65560
2,33,6,97,65560
3,33,6,90,53058
1,33,7,93,63119
2,33,7,93,63119
3,33,7,87,51082
1,33,8,116,78866
2,33,8,116,78866
3,33,8,108,63826
1,33,9,161,109385
2,33,9,161,109385
3,33,9,150,88525
1,33,10,5,3484
2,33,10,5,3484
3,33,10,5,2820
1,33,11,4,2696
2,33,11,4,2696
3,33,11,4,2182
1,33,12,68,46134
2,33,12,68,46134
3,33,12,63,37336
1,33,13,68,46219
2,33,13,68,46219
3,33,13,63,37405
1,33,14,90,61305
2,33,14,90,61305
3,33,14,84,49614
1,33,15,108,73280
2,33,15,108,73280
3,33,15,101,59306
1,33,16,94,64074
2,33,16,94,64074
3,33,16,88,51855
1,33,17,141,95787
2,33,17,141,95787
3,33,17,131,77520
1,33,18,164,111289
2,33,18,164,111289
3,33,18,153,90066
1,33,19,126,85395
2,33,19,126,85395
3,33,19,117,69110
1,33,20,20,13384
2,33,20,20,13384
3,33,20,18,10831
1,33,21,18,12457
2,33,21,18,12457
3,33,21,17,10081
1,33,22,129,87888
2,33,22,129,87888
3,33,22,121,71128
1,33,23,128,86702
2,33,23,128,86702
3,33,23,119,70167
1,33,24,129,87888
2,33,24,129,87888
3,33,24,121,71128
1,33,25,16,10756
2,33,25,16,10756
3,33,25,15,8705
1,33,26,93,62942
2,33,26,93,62942
3,33,26,86,50939
1,33,27,146,99018
2,33,27,146,99018
3,33,27,136,80135
1,33,28,73,49413
2,33,28,73,49413
3,33,28,68,39990
1,33,29,51,34553
2,33,29,51,34553
3,33,29,47,27963
1,33,30,58,39241
2,33,30,58,39241
3,33,30,54,31758
1,33,31,36,24637
2,33,31,36,24637
3,33,31,34,19939
1,33,32,108,73605
2,33,32,108,73605
3,33,32,101,59569
1,33,33,0,0
2,33,33,0,0
3,33,33,0,0
1,33,34,69,47036
2,33,34,69,47036
3,33,34,65,38066
1,33,35,108,73186
2,33,35,108,73186
3,33,35,100,59230
1,33,36,66,45048
2,33,36,66,45048
3,33,36,62,36457
1,33,37,126,85249
2,33,37,126,85249
3,33,37,117,68991
1,33,38,120,81327
2,33,38,120,81327
3,33,38,112,65817
1,33,39,68,46002
2,33,39,68,46002
3,33,39,63,37229
1,34,1,180,122314
2,34,1,180,122314
3,34,1,168,98988
1,34,2,128,86733
2,34,2,128,86733
3,34,2,119,70193
1,34,3,165,111828
2,34,3,165,111828
3,34,3,153,90502
1,34,4,47,32080
2,34,4,47,32080
3,34,4,44,25962
1,34,5,158,107414
2,34,5,158,107414
3,34,5,147,86929
1,34,6,164,111036
2,34,6,164,111036
3,34,6,152,89861
1,34,7,160,108594
2,34,7,160,108594
3,34,7,149,87885
1,34,8,183,124341
2,34,8,183,124341
3,34,8,171,100629
1,34,9,228,154860
2,34,9,228,154860
3,34,9,212,125328
1,34,10,65,43842
2,34,10,65,43842
3,34,10,60,35481
1,34,11,73,49352
2,34,11,73,49352
3,34,11,68,39941
1,34,12,135,91609
2,34,12,135,91609
3,34,12,126,74139
1,34,13,135,91694
2,34,13,135,91694
3,34,13,126,74208
1,34,14,157,106780
2,34,14,157,106780
3,34,14,146,86417
1,34,15,175,118755
2,34,15,175,118755
3,34,15,163,96108
1,34,16,161,109549
2,34,16,161,109549
3,34,16,150,88657
1,34,17,208,141262
2,34,17,208,141262
3,34,17,194,114323
1,34,18,231,156764
2,34,18,231,156764
3,34,18,215,126869
1,34,19,193,130870
2,34,19,193,130870
3,34,19,180,105913
1,34,20,87,58859
2,34,20,87,58859
3,34,20,81,47634
1,34,21,85,57932
2,34,21,85,57932
3,34,21,79,46884
1,34,22,196,133363
2,34,22,196,133363
3,34,22,183,107931
1,34,23,195,132177
2,34,23,195,132177
3,34,23,181,106970
1,34,24,196,133363
2,34,24,196,133363
3,34,24,183,107931
1,34,25,83,56231
2,34,25,83,56231
3,34,25,77,45508
1,34,26,160,108417
2,34,26,160,108417
3,34,26,149,87742
1,34,27,213,144493
2,34,27,213,144493
3,34,27,198,116938
1,34,28,140,94888
2,34,28,140,94888
3,34,28,130,76793
1,34,29,116,78858
2,34,29,116,78858
3,34,29,108,63819
1,34,30,125,84716
2,34,30,125,84716
3,34,30,116,68561
1,34,31,103,70112
2,34,31,103,70112
3,34,31,96,56742
1,34,32,175,119080
2,34,32,175,119080
3,34,32,163,96371
1,34,33,69,47036
2,34,33,69,47036
3,34,33,65,38066
1,34,34,0,0
2,34,34,0,0
3,34,34,0,0
1,34,35,60,40969
2,34,35,60,40969
3,34,35,56,33156
1,34,36,5,3074
2,34,36,5,3074
3,34,36,4,2487
1,34,37,78,52746
2,34,37,78,52746
3,34,37,72,42687
1,34,38,72,48824
2,34,38,72,48824
3,34,38,67,39513
1,34,39,3,2183
2,34,39,3,2183
3,34,39,3,1766
1,35,1,219,148464
2,35,1,219,148464
3,35,1,204,120151
1,35,2,166,112883
2,35,2,166,112883
3,35,2,155,91356
1,35,3,203,137978
2,35,3,203,137978
3,35,3,189,111665
1,35,4,87,58932
2,35,4,87,58932
3,35,4,81,47694
1,35,5,197,133563
2,35,5,197,133563
3,35,5,183,108093
1,35,6,202,137186
2,35,6,202,137186
3,35,6,188,111024
1,35,7,199,134744
2,35,7,199,134744
3,35,7,185,109048
1,35,8,222,150491
2,35,8,222,150491
3,35,8,206,121792
1,35,9,267,181010
2,35,9,267,181010
3,35,9,248,146491
1,35,10,103,70002
2,35,10,103,70002
3,35,10,96,56652
1,35,11,111,75502
2,35,11,111,75502
3,35,11,104,61104
1,35,12,173,117759
2,35,12,173,117759
3,35,12,162,95302
1,35,13,174,117844
2,35,13,174,117844
3,35,13,162,95371
1,35,14,196,132930
2,35,14,196,132930
3,35,14,182,107580
1,35,15,213,144905
2,35,15,213,144905
3,35,15,199,117272
1,35,16,200,135699
2,35,16,200,135699
3,35,16,186,109820
1,35,17,247,167412
2,35,17,247,167412
3,35,17,230,135486
1,35,18,269,182914
2,35,18,269,182914
3,35,18,251,148032
1,35,19,231,157020
2,35,19,231,157020
3,35,19,215,127076
1,35,20,125,85009
2,35,20,125,85009
3,35,20,117,68797
1,35,21,124,84082
2,35,21,124,84082
3,35,21,115,68047
1,35,22,235,159513
2,35,22,235,159513
3,35,22,219,129094
1,35,23,233,158327
2,35,23,233,158327
3,35,23,217,128133
1,35,24,235,159513
2,35,24,235,159513
3,35,24,219,129094
1,35,25,121,82381
2,35,25,121,82381
3,35,25,113,66671
1,35,26,198,134567
2,35,26,198,134567
3,35,26,185,108905
1,35,27,251,170643
2,35,27,251,170643
3,35,27,234,138101
1,35,28,178,121038
2,35,28,178,121038
3,35,28,166,97956
1,35,29,155,104989
2,35,29,155,104989
3,35,29,144,84968
1,35,30,163,110866
2,35,30,163,110866
3,35,30,152,89724
1,35,31,142,96262
2,35,31,142,96262
3,35,31,132,77905
1,35,32,214,145230
2,35,32,214,145230
3,35,32,199,117534
1,35,33,108,73186
2,35,33,108,73186
3,35,33,100,59230
1,35,34,60,40969
2,35,34,60,40969
3,35,34,56,33156
1,35,35,0,0
2,35,35,0,0
3,35,35,0,0
1,35,36,64,43231
2,35,36,64,43231
3,35,36,59,34987
1,35,37,48,32918
2,35,37,48,32918
3,35,37,45,26640
1,35,38,43,28996
2,35,38,43,28996
3,35,38,40,23466
1,35,39,63,42816
2,35,39,63,42816
3,35,39,59,34651
1,36,1,177,120325
2,36,1,177,120325
3,36,1,165,97379
1,36,2,125,84744
2,36,2,125,84744
3,36,2,116,68583
1,36,3,162,109839
2,36,3,162,109839
3,36,3,151,88892
1,36,4,44,30091
2,36,4,44,30091
3,36,4,41,24353
1,36,5,155,105425
2,36,5,155,105425
3,36,5,145,85320
1,36,6,161,109047
2,36,6,161,109047
3,36,6,150,88251
1,36,7,157,106605
2,36,7,157,106605
3,36,7,146,86275
1,36,8,180,122352
2,36,8,180,122352
3,36,8,168,99019
1,36,9,225,152871
2,36,9,225,152871
3,36,9,210,123718
1,36,10,62,41853
2,36,10,62,41853
3,36,10,57,33872
1,36,11,70,47364
2,36,11,70,47364
3,36,11,65,38331
1,36,12,132,89620
2,36,12,132,89620
3,36,12,123,72530
1,36,13,132,89706
2,36,13,132,89706
3,36,13,123,72599
1,36,14,154,104791
2,36,14,154,104791
3,36,14,144,84807
1,36,15,172,116767
2,36,15,172,116767
3,36,15,160,94499
1,36,16,158,107560
2,36,16,158,107560
3,36,16,148,87048
1,36,17,205,139273
2,36,17,205,139273
3,36,17,191,112713
1,36,18,228,154775
2,36,18,228,154775
3,36,18,212,125259
1,36,19,190,128881
2,36,19,190,128881
3,36,19,177,104303
1,36,20,84,56870
2,36,20,84,56870
3,36,20,78,46025
1,36,21,82,55943
2,36,21,82,55943
3,36,21,77,45275
1,36,22,194,131375
2,36,22,194,131375
3,36,22,180,106321
1,36,23,192,130188
2,36,23,192,130188
3,36,23,179,105361
1,36,24,194,131375
2,36,24,194,131375
3,36,24,180,106321
1,36,25,80,54243
2,36,25,80,54243
3,36,25,74,43898
1,36,26,157,106428
2,36,26,157,106428
3,36,26,146,86132
1,36,27,210,142505
2,36,27,210,142505
3,36,27,195,115329
1,36,28,137,92900
2,36,28,137,92900
3,36,28,127,75183
1,36,29,113,76869
2,36,29,113,76869
3,36,29,105,62210
1,36,30,122,82728
2,36,30,122,82728
3,36,30,113,66951
1,36,31,100,68123
2,36,31,100,68123
3,36,31,93,55132
1,36,32,173,117092
2,36,32,173,117092
3,36,32,161,94762
1,36,33,66,45048
2,36,33,66,45048
3,36,33,62,36457
1,36,34,5,3074
2,36,34,5,3074
3,36,34,4,2487
1,36,35,64,43231
2,36,35,64,43231
3,36,35,59,34987
1,36,36,0,0
2,36,36,0,0
3,36,36,0,0
1,36,37,81,55008
2,36,37,81,55008
3,36,37,75,44518
1,36,38,75,51086
2,36,38,75,51086
3,36,38,70,41344
1,36,39,2,1101
2,36,39,2,1101
3,36,39,2,891
1,37,1,237,160526
2,37,1,237,160526
3,37,1,220,129913
1,37,2,184,124945
2,37,2,184,124945
3,37,2,171,101118
1,37,3,221,150040
2,37,3,221,150040
3,37,3,206,121427
1,37,4,104,70743
2,37,4,104,70743
3,37,4,97,57252
1,37,5,215,145626
2,37,5,215,145626
3,37,5,200,117854
1,37,6,220,149248
2,37,6,220,149248
3,37,6,205,120786
1,37,7,216,146806
2,37,7,216,146806
3,37,7,201,118810
1,37,8,239,162553
2,37,8,239,162553
3,37,8,223,131554
1,37,9,284,193072
2,37,9,284,193072
3,37,9,265,156253
1,37,10,121,82054
2,37,10,121,82054
3,37,10,113,66406
1,37,11,129,87565
2,37,11,129,87565
3,37,11,120,70866
1,37,12,191,129821
2,37,12,191,129821
3,37,12,178,105064
1,37,13,191,129907
2,37,13,191,129907
3,37,13,178,105133
1,37,14,214,144992
2,37,14,214,144992
3,37,14,199,117342
1,37,15,231,156968
2,37,15,231,156968
3,37,15,215,127033
1,37,16,218,147761
2,37,16,218,147761
3,37,16,203,119582
1,37,17,264,179474
2,37,17,264,179474
3,37,17,246,145248
1,37,18,287,194976
2,37,18,287,194976
3,37,18,267,157794
1,37,19,249,169082
2,37,19,249,169082
3,37,19,232,136838
1,37,20,143,97071
2,37,20,143,97071
3,37,20,133,78559
1,37,21,142,96144
2,37,21,142,96144
3,37,21,132,77809
1,37,22,253,171576
2,37,22,253,171576
3,37,22,235,138856
1,37,23,251,170389
2,37,23,251,170389
3,37,23,234,137895
1,37,24,253,171576
2,37,24,253,171576
3,37,24,235,138856
1,37,25,139,94444
2,37,25,139,94444
3,37,25,130,76433
1,37,26,216,146629
2,37,26,216,146629
3,37,26,201,118667
1,37,27,269,182706
2,37,27,269,182706
3,37,27,251,147863
1,37,28,196,133100
2,37,28,196,133100
3,37,28,183,107718
1,37,29,172,117068
2,37,29,172,117068
3,37,29,161,94743
1,37,30,181,122928
2,37,30,181,122928
3,37,30,169,99486
1,37,31,160,108324
2,37,31,160,108324
3,37,31,149,87667
1,37,32,232,157293
2,37,32,232,157293
3,37,32,216,127296
1,37,33,126,85249
2,37,33,126,85249
3,37,33,117,68991
1,37,34,78,52746
2,37,34,78,52746
3,37,34,72,42687
1,37,35,48,32918
2,37,35,48,32918
3,37,35,45,26640
1,37,36,81,55008
2,37,36,81,55008
3,37,36,75,44518
1,37,37,0,0
2,37,37,0,0
3,37,37,0,0
1,37,38,6,4024
2,37,38,6,4024
3,37,38,6,3256
1,37,39,80,54594
2,37,39,80,54594
3,37,39,75,44183
1,38,1,231,156604
2,38,1,231,156604
3,38,1,215,126739
1,38,2,178,121023
2,38,2,178,121023
3,38,2,166,97944
1,38,3,215,146118
2,38,3,215,146118
3,38,3,200,118253
1,38,4,98,66821
2,38,4,98,66821
3,38,4,92,54078
1,38,5,209,141704
2,38,5,209,141704
3,38,5,194,114680
1,38,6,214,145326
2,38,6,214,145326
3,38,6,199,117612
1,38,7,211,142884
2,38,7,211,142884
3,38,7,196,115635
1,38,8,234,158631
2,38,8,234,158631
3,38,8,218,128380
1,38,9,279,189150
2,38,9,279,189150
3,38,9,259,153079
1,38,10,115,78132
2,38,10,115,78132
3,38,10,107,63232
1,38,11,123,83643
2,38,11,123,83643
3,38,11,115,67692
1,38,12,185,125899
2,38,12,185,125899
3,38,12,173,101890
1,38,13,186,125984
2,38,13,186,125984
3,38,13,173,101959
1,38,14,208,141070
2,38,14,208,141070
3,38,14,194,114167
1,38,15,225,153045
2,38,15,225,153045
3,38,15,210,123859
1,38,16,212,143839
2,38,16,212,143839
3,38,16,197,116408
1,38,17,259,175552
2,38,17,259,175552
3,38,17,241,142073
1,38,18,281,191054
2,38,18,281,191054
3,38,18,262,154619
1,38,19,243,165160
2,38,19,243,165160
3,38,19,227,133664
1,38,20,137,93149
2,38,20,137,93149
3,38,20,128,75385
1,38,21,136,92222
2,38,21,136,92222
3,38,21,127,74635
1,38,22,247,167654
2,38,22,247,167654
3,38,22,230,135681
1,38,23,245,166467
2,38,23,245,166467
3,38,23,228,134721
1,38,24,247,167654
2,38,24,247,167654
3,38,24,230,135681
1,38,25,133,90521
2,38,25,133,90521
3,38,25,124,73259
1,38,26,210,142707
2,38,26,210,142707
3,38,26,196,115493
1,38,27,263,178783
2,38,27,263,178783
3,38,27,245,144689
1,38,28,190,129178
2,38,28,190,129178
3,38,28,177,104544
1,38,29,167,113146
2,38,29,167,113146
3,38,29,155,91568
1,38,30,175,119006
2,38,30,175,119006
3,38,30,163,96311
1,38,31,154,104402
2,38,31,154,104402
3,38,31,143,84492
1,38,32,226,153370
2,38,32,226,153370
3,38,32,210,124122
1,38,33,120,81327
2,38,33,120,81327
3,38,33,112,65817
1,38,34,72,48824
2,38,34,72,48824
3,38,34,67,39513
1,38,35,43,28996
2,38,35,43,28996
3,38,35,40,23466
1,38,36,75,51086
2,38,36,75,51086
3,38,36,70,41344
1,38,37,6,4024
2,38,37,6,4024
3,38,37,6,3256
1,38,38,0,0
2,38,38,0,0
3,38,38,0,0
1,38,39,75,50672
2,38,39,75,50672
3,38,39,70,41008
1,39,1,179,121279
2,39,1,179,121279
3,39,1,166,98151
1,39,2,126,85698
2,39,2,126,85698
3,39,2,118,69355
1,39,3,163,110793
2,39,3,163,110793
3,39,3,152,89664
1,39,4,46,31045
2,39,4,46,31045
3,39,4,43,25125
1,39,5,157,106379
2,39,5,157,106379
3,39,5,146,86092
1,39,6,162,110001
2,39,6,162,110001
3,39,6,151,89023
1,39,7,158,107559
2,39,7,158,107559
3,39,7,148,87047
1,39,8,182,123306
2,39,8,182,123306
3,39,8,169,99791
1,39,9,227,153825
2,39,9,227,153825
3,39,9,211,124490
1,39,10,63,42807
2,39,10,63,42807
3,39,10,59,34644
1,39,11,71,48318
2,39,11,71,48318
3,39,11,66,39104
1,39,12,133,90574
2,39,12,133,90574
3,39,12,124,73302
1,39,13,134,90660
2,39,13,134,90660
3,39,13,124,73371
1,39,14,156,105745
2,39,14,156,105745
3,39,14,145,85579
1,39,15,173,117721
2,39,15,173,117721
3,39,15,161,95271
1,39,16,160,108514
2,39,16,160,108514
3,39,16,149,87820
1,39,17,207,140227
2,39,17,207,140227
3,39,17,192,113485
1,39,18,229,155729
2,39,18,229,155729
3,39,18,214,126031
1,39,19,191,129835
2,39,19,191,129835
3,39,19,178,105076
1,39,20,85,57824
2,39,20,85,57824
3,39,20,79,46797
1,39,21,84,56897
2,39,21,84,56897
3,39,21,78,46047
1,39,22,195,132329
2,39,22,195,132329
3,39,22,182,107093
1,39,23,193,131142
2,39,23,193,131142
3,39,23,180,106133
1,39,24,195,132329
2,39,24,195,132329
3,39,24,182,107093
1,39,25,81,55197
2,39,25,81,55197
3,39,25,76,44671
1,39,26,158,107382
2,39,26,158,107382
3,39,26,147,86904
1,39,27,211,143459
2,39,27,211,143459
3,39,27,197,116101
1,39,28,138,93854
2,39,28,138,93854
3,39,28,129,75955
1,39,29,115,77823
2,39,29,115,77823
3,39,29,107,62982
1,39,30,123,83682
2,39,30,123,83682
3,39,30,115,67723
1,39,31,102,69078
2,39,31,102,69078
3,39,31,95,55904
1,39,32,174,118046
2,39,32,174,118046
3,39,32,162,95534
1,39,33,68,46002
2,39,33,68,46002
3,39,33,63,37229
1,39,34,3,2183
2,39,34,3,2183
3,39,34,3,1766
1,39,35,63,42816
2,39,35,63,42816
3,39,35,59,34651
1,39,36,2,1101
2,39,36,2,1101
3,39,36,2,891
1,39,37,80,54594
2,39,37,80,54594
3,39,37,75,44183
1,39,38,75,50672
2,39,38,75,50672
3,39,38,70,41008
1,39,39,0,0
2,39,39,0,0
3,39,39,0,0
%  node times and costs: vehicle, call, origin node time (in hours), origin node costs (in Euro), destination node time (in hours), destination node costs (in Euro)
1,1,13,23768,16,29040
1,2,-1,-1,-1,-1
1,3,17,23768,19,28042
1,4,-1,-1,-1,-1
1,5,-1,-1,-1,-1
1,6,-1,-1,-1,-1
1,7,18,30200,18,29828
2,1,13,23768,16,29040
2,2,-1,-1,-1,-1
2,3,17,23768,19,28042
2,4,-1,-1,-1,-1
2,5,-1,-1,-1,-1
2,6,-1,-1,-1,-1
2,7,18,30200,18,29828
3,1,13,25418,16,30690
3,2,30,25440,35,32758
3,3,17,25418,20,29692
3,4,30,31478,31,33153
3,5,22,33227,17,25440
3,6,31,23893,37,33227
3,7,18,31850,18,31478
% EOF